1.52851e-20
2.68806e-20
7.24723e-20
2.80479e-21
2.98786e-21
0.000468272
0.000196765
0.00853922
0.00547803
0.00513111
0.00762092
0.00385041
0.00197775
3.80593e-27
8.26192e-06
1.25653e-10
0.00311761
0.00403154
2.08921e-07
2.18293e-15
0.018708
0.0445067
0.00221432
0.00759982
0.00174954
0.0145471
0.000470814
7.33679e-05
0.0026477
0.00884585
0.00805019
0.000633462
0.0113654
0.00649103
2.36098e-07
0.000402703
0.00336119
7.18213e-05
0.0191385
1.70732e-05
0.000644243
0.000146733
0.0231277
0.00534666
3.70704e-15
0.00185435
1.73667e-42
0.00897132
0.000192941
0.0100674
0.0235589
0.00466496
0.00658126
0.00414126
2.70908e-05
6.09137e-14
2.60563e-08
0.00562527
6.39264e-05
0.000218027
0.00115238
0.000436685
0.0023221
0.00360467
0.000999564
4.00778e-05
0.000906575
3.34607e-07
0.00425151
0.00111154
0.0244989
0.000554626
0.00905154
0.0147357
0.0113405
0.0137269
0.00831316
1.94263e-67
0.0125363
5.19243e-05
1.52595e-06
0.0120427
0.00367758
0.00994325
0.0022695
0.00483204
0.000738867
0.00065667
0.00112426
2.07723e-05
0.0070117
0.00938227
0.0282317
0.0396703
0.00845128
2.82162e-05
0.000264877
0.000146095
0.00166712
0.0140386
2.77356e-06
6.82636e-05
0.0281563
0.00186729
0.000436476
0.00443863
0.00393112
1.1628e-23
0.00823236
0.000219278
0.00137572
0.0109354
0.00260272
8.73684e-05
0.00027012
5.32858e-05
1.45976e-05
0.00307744
0.000262817
0.000781669
0.00325109
0.00746228
6.07213e-07
0.00618841
9.98385e-05
0.0144852
0.0122832
0.011448
0.0013175
0.0111221
0.013555
0.00341293
0.00151735
5.22249e-05
7.89497e-06
0.000297057
0.00105328
0.0116224
0.0025133
0.000241661
8.48526e-08
0.0171738
4.17406e-07
0.0108053
0.0187897
0.0232309
0.000190253
0.000588051
2.23292e-07
2.5194e-09
3.3798e-06
0.00792023
0.00181544
0.000892111
0.0049658
4.08029e-32
0.000140065
1.70631e-06
0.00579588
0.0124634
0.0191288
0.000814682
0.0175732
0.000926519
1.64244e-07
0.0027673
6.80393e-07
0.00047503
1.17904e-05
0.00247207
1.60008e-15
0.00493872
0.00281407
1.39483e-08
0.000747208
0.0262208
0.0022009
0.00331984
0.0152278
6.52721e-25
0.00335917
0.0399959
1.27262e-06
0.0323657
0.000104218
0.00212361
0.006401
0.000340213
0.000269995
0.000371895
0.00784092
0.00632851
0.00381079
1.66357e-05
0.000341636
2.52039e-11
0.00019475
0.00585492
0.00450012
0.017135
5.08535e-08
0.000485273
0.0241675
0.000371523
2.02459e-101
0.01393
0.000102259
0.0204842
0.00380525
0.00473307
0.00161399
3.64618e-08
0.00217956
1.38697e-43
0.000219771
0.000273366
0.00441824
2.37621e-22
0.00407466
0.00832712
0.00115985
0.0333441
0.000105669
0.000838306
0.0064048
0.0227691
0.00618468
0.0589332
0.0181077
0.0266607
0.0251212
0.012005
4.65676e-06
0.00146712
0.0109171
5.33228e-05
0.00610331
0.00118102
0.00157363
0.010398
0.000280249
0.0524152
0.00174632
0.00190279
0.00158501
3.5708e-07
0.00208082
0.0116755
0.000197534
0.00673025
0.00121503
6.57193e-13
0.0144367
0.0296995
0.00740181
0.00920173
0.00723687
0.0196607
0.000796048
0.0178572
0.0010096
0.00600403
0.00959395
3.9208e-08
8.29194e-05
8.419e-06
0.00169388
2.34244e-05
6.26356e-06
0.000580235
0.0135421
0.0053945
2.87798e-06
0.00319426
0.00186647
0.00980786
4.95554e-05
0.00161751
5.1663e-05
4.52376e-10
0.000937931
0.000384563
0.0146509
0.00700221
0.00103692
0.0148288
0.00415087
0.0104168
0.0153237
0.00448506
0.00284665
0.00261421
0.00384288
0.0118056
0.00552194
0.0120063
0.00645568
0.00100853
0.00312071
0.00020892
0.000141593
0.0164141
0.0236318
2.09725e-05
0.00268068
0.0118076
0.00046328
0.00152267
6.68944e-17
0.0223345
3.36658e-34
0.00222925
0.0106874
0.00270801
0.0024344
0.0130327
2.44522e-06
0.00065789
0.000246624
8.31628e-06
0.00714088
0.0289553
0.00762875
7.44524e-126
0.000391182
0.000906118
0.00468445
0.00180317
0.0037822
0.0142218
0.000390817
0.0235644
0.0112079
6.10691e-14
0.0046721
0.00146779
0.00251231
0.00384263
0.000360797
0.0109716
1.66217e-06
0.000455189
3.99404e-05
0.00104448
0.00407919
0.000155292
0.0204218
0.0203796
2.12897e-06
0.000107149
0.00689381
2.53177e-07
0.00725363
4.36398e-16
0.00192149
3.58491e-05
0.00470022
0.00545047
0.00712904
0.00672027
0.00395463
0.00789914
0.0139076
0.000110865
0.0155833
0.00451706
0.0053215
0.00996457
0.000498965
0.00214509
0.000974966
0.00352048
0.000194442
0.000606834
0.000143657
0.00177812
0.000715495
0.0138867
7.03731e-06
6.62313e-18
4.38054e-16
0.00318012
0.00360045
0.00185425
0.0206986
0.000458278
2.55626e-11
0.0105838
0.0201422
0.00707873
0.00960307
6.94196e-17
0.000426697
0.00286391
0.00607933
0.000604805
0.00134727
0.00120456
1.44277e-09
0.0167047
0.000125344
0.0119503
0.00044055
0.00423363
0.00255605
2.93553e-07
0.00642114
0.00256034
0.0205116
0.00232015
1.83486e-06
0.0143302
0.00120327
0.00120259
6.63905e-06
5.61253e-89
0.0507842
7.88202e-05
0.0192386
5.62091e-06
0.0130595
0.00223403
0.00207259
2.13752e-09
8.14941e-06
5.01823e-10
0.00118703
4.64099e-18
0.0166318
0.000164388
0.0274489
5.0007e-06
2.23387e-05
0.00345727
0.00010338
0.00311149
0.0370134
0.0154968
0.0123652
0.00172681
0.00113934
0.00189179
0.00370425
0.00317632
0.0118284
0.000124527
8.99007e-16
0.00018049
0.0013592
5.27065e-05
1.83937e-05
0.00262622
0.00128949
7.56296e-28
1.08011e-07
0.00567962
1.64649e-06
1.73503e-10
0.00817876
0.000346764
0.00086313
0.000390983
0.0166605
0.0164024
0.0119787
0.00461875
0.0149347
0.00420546
0.00797577
0.0306014
0.000583095
0.014191
2.36653e-08
3.01787e-07
8.20192e-05
3.36433e-07
0.0297954
0.00090918
0.000744157
0.0130531
0.00284638
0.0181448
0.000526885
0.00286205
0.000402325
3.69631e-09
0.0252772
2.69919e-05
7.77218e-10
0.0103368
0.0105604
0.0263181
0.010349
0.00168144
7.45806e-05
9.73665e-05
0.00039813
0.00981682
1.43729e-08
0.0191312
0.00971318
0.0115624
0.043518
7.82621e-06
0.00271292
4.9581e-09
1.45954e-05
0.00144481
0.000952653
8.39369e-05
0.00743056
0.0169544
0.00514414
0.00541583
0.00486228
4.34131e-05
0.00424588
1.66769e-06
0.00125818
3.84554e-05
4.90271e-09
0.00467837
0.000708882
0.00121793
0.000428856
0.00940334
0.0179369
2.00201e-09
0.00276589
0.0341883
3.03607e-08
0.0153322
0.00562198
0.00197108
1.97466e-10
0.000323614
0.0124448
0.00689015
0.00145796
0.00202656
0.000396524
0.00322275
0.00122913
0.00948646
0.00315524
0.000119265
1.4087e-05
0.0274987
9.8649e-05
0.00626656
0.00017675
0.00241214
0.00113103
0.00149537
0.0103725
0.000923274
0.00252351
0.0176945
0.0274028
0.00734789
9.68871e-08
0.000455555
0.00211592
0.00574695
0.000207044
0.031034
4.25976e-05
0.0010738
0.00834442
2.52677e-05
3.7653e-07
6.33866e-12
0.0121577
0.00527588
0.00105499
0.000525449
2.966e-13
0.00067027
0.0120741
0.000117506
0.000135048
0.0079761
1.15638e-05
0.00248653
0.00818699
0.00403629
0.0206311
0.0162722
0.00249532
0.00381842
0.00854174
0.0136291
4.10481e-05
0.00164603
0.000194557
1.58355e-05
0.00742734
0.000296374
0.00730891
0.0198592
0.000179776
0.00319654
7.25841e-08
5.53828e-05
3.75158e-26
0.00334944
0.00300618
0.000490289
5.03608e-05
0.00358579
5.96276e-08
0.0277517
0.0328158
0.0455078
0.000809114
0.000859028
0.0018105
0.00280768
2.88984e-05
0.000631802
0.00883157
0.016413
0.0274047
0.000160466
0.00377638
7.38878e-05
0.00422734
0.00562484
0.00624935
0.00132311
0.000251627
0.000432464
0.0117636
0.00013664
0.0533748
0.00336812
4.13245e-06
0.00404966
0.0035424
0.00888267
0.000389834
0.0305043
0.0123931
1.1331e-09
0.00367473
0.00108178
0.00167353
0.0103546
1.05346e-07
0.00396331
0.0458736
0.00702445
4.74761e-08
0.0205586
8.35332e-05
0.00118091
0.000598113
2.19208e-05
0.00266811
0.00639625
0.00761936
0.0083949
5.50422e-05
0.00076292
0.0340469
0.00254226
1.26955e-12
0.0193138
0.00899972
0.00344337
0.00191945
0.0279135
1.38289e-05
0.00318286
7.3596e-45
0.00218645
0.00656212
0.000880607
0.00185959
0.00274448
0.00240393
2.95518e-05
0.000120306
0.0114029
0.00662481
0.00859181
0.00207237
0.000652802
0.00344478
0.000137838
0.0133281
0.00640158
0.0031515
0.00352993
0.0167304
6.46587e-08
0.0108373
2.13181e-28
0.00217248
0.000498329
0.00197973
0.000997674
2.11334e-05
6.46413e-06
7.52447e-06
0.00182598
0.00740442
0.00562383
0.00218205
0.00680696
0.00807848
3.09273e-05
0.00794692
0.0098665
0.0267732
0.00183972
0.00174687
0.0156377
0.0202254
0.000852315
0.0014762
0.00444317
0.0356829
0.000499981
0.0032827
1.65046e-07
0.0221984
3.77458e-05
0.00371231
0.0032446
0.0191433
0.0162689
0.000265306
0.0110039
0.00147339
0.00303715
0.00973378
0.000843844
0.000101644
1.27005e-06
0.000506543
0.00219985
0.0132373
1.93077e-05
0.0116633
0.00483691
0.0200194
4.25943e-06
0.00487895
4.58683e-05
0.000680973
0.0021029
1.62522e-06
0.0331563
0.00481563
0.0131929
0.00577582
0.000346262
8.73474e-06
0.000584459
0.00636469
0.00736381
0.00646275
1.10357e-08
1.10847e-11
0.00543442
5.18217e-06
0.0016439
4.8919e-09
0.0163551
0.00205129
1.08971e-06
3.4684e-05
0.0141765
0.0307982
0.00285257
0.0124135
0.000573365
0.00136119
0.0056655
0.0404902
0.0143439
0.0076816
0.0318049
0.0133494
0.00231647
0.000412477
2.60624e-06
0.00882487
0.0035094
0.00370576
9.62632e-05
0.000824307
0.000780656
0.00706201
0.00299293
0.00523021
0.000853334
0.000423352
0.00571956
0.000108899
1.94558e-07
0.000608843
0.00106761
6.95375e-05
9.91353e-06
0.00419472
0.000943761
0.00256465
0.000167599
2.45196e-05
1.05199e-18
0.0107276
0.00334611
0.00261027
0.00136378
0.00228554
3.05087e-05
0.00124715
0.000591785
0.00460531
0.00160283
3.13644e-07
3.41375e-10
0.00116051
0.0152295
0.0165007
0.00202513
0.00770997
0.000598504
0.000694504
0.0105072
6.02048e-07
0.00748819
1.05637e-11
7.47754e-07
0.0128238
0.00710384
0.00102616
0.00881537
0.000800552
0.0064593
0.000216063
0.0029089
0.00428387
5.53881e-05
0.0108353
0.011714
3.48549e-05
4.9136e-13
2.81519e-07
0.00171279
0.000304272
0.0258458
0.000465462
0.00861412
0.000645399
0.008361
0.0358624
2.09139e-06
0.0036755
0.00111006
0.000131036
0.00292508
3.29625e-12
0.00606418
0.0246499
0.00117824
0.0115946
8.4346e-06
0.00172812
0.00125871
0.0079405
0.00254073
9.88894e-09
0.00129263
0.00207558
0.00127808
0.00179771
2.42729e-05
0.000139151
0.0144782
0.00151428
0.00489741
0.018493
0.0016455
4.14446e-05
0.0150925
0.00116018
0.00414692
0.000317926
0.00122347
4.14823e-05
6.69026e-07
0.0172643
0.0138094
0.00175912
0.00175482
0.000644564
0.00197978
0.00732872
0.0010427
0.00191791
7.64534e-06
0.00189975
0.000148138
3.22322e-23
0.00139142
2.35976e-10
0.000268938
0.00015344
0.00134129
0.010134
0.0137461
0.000873954
0.00012137
7.07849e-06
0.0124227
0.00100102
0.000744655
0.00118596
1.80205e-06
1.0051e-05
0.01437
0.000195764
0.00079515
1.36086e-05
0.000410288
3.70593e-05
2.84388e-14
0.000108893
0.0128767
2.71029e-10
0.00465559
0.0010869
0.00676327
8.26874e-08
2.62114e-16
0.000171596
3.3305e-05
0.00673591
0.00672075
0.00941169
0.000452183
0.00176429
0.00260833
0.00812678
0.000914733
0.00321872
6.25192e-05
2.58006e-08
8.11076e-13
0.00106611
0.0123813
0.00750792
2.50234e-05
0.0107571
0.00160372
0.0182803
0.0299102
0.0275072
0.00887768
0.00106748
0.0116888
0.0011396
0.0148494
0.00241653
0.0122366
0.00987579
0.0126666
8.53264e-09
8.00945e-98
3.90703e-07
7.53231e-09
0.000108458
1.16467e-05
0.000255982
0.000163946
1.14784e-08
0.0180251
0.00744342
0.00107348
7.13734e-06
0.0287977
0.00169879
6.943e-05
0.0062049
3.30431e-05
0.00447149
0.000370454
0.00510543
0.00637714
0.00601303
0.0114382
0.0112915
4.70005e-08
7.80775e-06
0.00808161
6.31763e-05
3.64648e-05
0.00449204
0.0135184
0.016478
1.43145e-08
0.00247307
0.000733997
1.6402e-08
2.15213e-08
0.000199995
0.0104951
0.00890812
5.28126e-05
0.0362551
0.000988427
0.000313283
0.0186552
0.00779821
0.0160425
0.0130558
0.000652276
0.00210167
1.07137e-06
5.78336e-05
0.00306958
0.000265785
0.00575176
0.0162225
0.00271119
0.00248838
1.72092e-26
0.000204712
2.35619e-08
9.65531e-07
0.00261997
7.70984e-06
0.00137253
5.80864e-17
0.0129118
0.0166232
0.0116297
0.000404094
1.28726e-06
1.20818e-05
0.0116616
0.0090144
0.00496591
0.0230324
0.0125622
1.7416e-14
0.00259434
4.9223e-10
6.18846e-06
0.00037499
3.28329e-05
0.00036276
0.0143994
0.00822549
0.00310863
0.00779656
0.00748984
0.00342827
0.0208631
0.000101421
0.02532
0.000262485
2.76039e-06
1.60561e-05
0.000354039
3.72762e-05
0.000240106
0.0140331
0.00830715
6.50056e-05
0.0196066
0.00824503
0.00330017
0.000128313
0.0018546
0.00732121
0.00688967
0.000326304
0.0022219
2.51183e-20
5.94835e-18
4.20451e-09
4.65921e-05
1.07205e-08
0.00454865
8.29262e-06
0.00701673
0.00276095
2.00188e-05
0.00069003
0.000450707
0.000962525
0.0112471
0.0330845
1.35764e-06
0.00637884
0.00269468
0.0134939
2.13682e-05
0.000523238
0.00760225
0.000519738
0.0123279
0.00217712
0.0144053
0.00285465
0.00978909
0.00866525
0.0025223
0.0227138
1.10805e-09
0.00617683
0.00198969
5.15871e-08
0.00335948
1.75831e-05
2.51766e-05
0.00238601
7.25184e-05
1.03309e-20
0.0036382
0.0107252
0.00788214
1.21717e-09
0.000445946
0.000130086
0.0118997
0.00294943
0.000811106
0.00221697
1.30783e-09
0.00111781
0.00401488
0.00863792
0.0146683
0.00943598
0.0331193
2.08609e-05
0.00963195
1.14611e-05
0.00769471
0.000189811
5.75462e-09
0.00189303
0.000778199
1.19846e-06
0.000165454
0.0152245
0.00160062
0.00142417
0.0303995
0.00638213
0.00266539
1.98342e-13
0.0187884
0.000676882
0.00706496
0.000232194
0.008833
4.81556e-05
0.000676181
0.00847216
0.00539923
0.00221297
1.507e-05
0.0115143
0.000102495
0.0086496
0.0102894
0.00782447
0.0132393
0.0126712
4.00163e-76
0.0107892
0.000148685
0.0110085
0.0075187
0.003851
0.00123369
0.0020927
1.47517e-05
3.28249e-05
0.00826609
5.32221e-08
2.01518e-05
1.9537e-08
0.0220086
0.00535883
0.0210249
0.000926246
2.42169e-05
0.000176246
0.00185676
3.63127e-11
6.71363e-09
0.0249581
0.00689219
0.000411566
0.0158704
0.00374898
0.00108892
0.00542692
0.000456626
1.54659e-06
0.0124162
0.00548031
0.000825832
0.00223827
0.0192197
0.0301408
0.00825194
3.48045e-06
0.0147544
0.0155427
0.0142734
0.00938939
0.000824038
0.00355329
0.00428017
0.00186066
0.0162052
0.00288416
0.00351457
7.32764e-09
0.00475308
0.0197108
0.000972536
3.26843e-05
0.0148356
0.00203923
7.86463e-05
0.00384906
0.0035074
0.0125347
0.00219698
2.48452e-10
1.60579e-16
0.00149751
1.93184e-26
2.84304e-05
0.0388527
6.08398e-05
1.49432e-05
0.000255336
0.000649331
0.00051774
0.0033605
0.0127395
0.0023414
0.0111744
7.90499e-05
0.0118482
0.0270247
0.00229394
0.00699186
0.00117311
0.0141533
7.16849e-20
1.24344e-14
0.00327979
0.0155629
3.23453e-05
0.0301764
0.00157077
0.00956136
0.0164085
0.000271922
0.000966477
0.0164717
0.00963317
1.24119e-07
6.08206e-05
0.00180276
4.2789e-06
0.00585328
0.00103008
0.00516592
0.0157524
0.00618411
1.95823e-17
0.0117519
0.0139737
0.000971465
0.00290764
0.000155048
4.27804e-05
0.00147099
1.66056e-15
5.6463e-05
0.000886007
0.0101116
8.75416e-05
0.00453069
0.00240871
1.68704e-07
0.000109861
0.00867686
0.00331457
0.00888262
0.00860321
0.00109857
7.43398e-05
0.00163703
0.00187661
0.00382371
0.0132789
0.00496475
5.01704e-12
0.00255068
0.00185176
0.0105122
0.00196968
0.00168648
0.0098965
0.00968877
0.00298179
0.0252388
0.00522912
0.00441551
0.00115299
4.37663e-17
0.00108018
0.0328056
0.0107219
0.0106795
1.10159e-07
0.00454228
0.00322415
0.0150609
0.000108407
0.0197251
0.00853887
0.0164222
0.00454912
0.0218964
0.00670647
0.0182716
0.000297544
0.0138795
0.00264513
0.00481831
0.0246461
0.00135459
0.000369241
0.0240815
2.78181e-20
0.00577889
0.00016868
0.00330262
2.91268e-07
9.82452e-07
4.22083e-22
6.77699e-05
0.00522108
0.0152217
0.00122607
0.00911103
0.00469306
0.00132117
0.0078476
0.000121953
6.64987e-14
5.29329e-05
0.0083243
5.02863e-10
4.01576e-05
0.00199692
0.00646247
2.26702e-06
1.03148e-32
0.000142241
5.20271e-10
9.00102e-05
0.000893531
0.0244561
0.0106935
0.0126859
0.00919641
0.032386
0.00668685
0.00999577
0.0125753
2.92461e-09
0.00891738
3.15041e-05
1.41698e-06
0.00766867
0.000134375
0.00649142
0.00307349
0.00061884
0.000695576
0.0113384
0.00338869
0.000359782
0.00314801
0.00792158
2.40939e-06
0.00384901
5.69995e-23
0.0106161
0.00292834
0.00802688
2.54433e-07
6.85086e-05
0.0161265
6.43608e-09
0.0135672
2.172e-06
5.45377e-05
0.00226392
0.00157472
0.00333234
0.00178496
2.24724e-23
0.00257167
0.00248483
2.33723e-05
6.74166e-13
0.00141785
0.00460781
5.5157e-09
1.83007e-06
0.0209687
0.00826433
0.00170651
0.00241807
9.47447e-08
0.00207334
2.51535e-05
0.000106863
4.15668e-05
0.00373316
0.0133023
0.00107855
0.000269586
0.0315803
0.0213035
0.0160981
1.25173e-07
0.00349056
6.25503e-07
0.00533827
0.000719968
7.76191e-05
0.0153351
0.000137771
0.00531629
0.0142427
3.02314e-05
2.68085e-05
0.0015735
0.000188307
0.000126996
0.0171293
0.000114891
0.00560162
2.91122e-06
0.0310776
0.0105391
2.21714e-06
0.000205057
0.00320748
0.000726768
0.0045462
4.72721e-05
0.0104691
0.00513015
0.00198987
1.00259e-06
0.000135342
0.0177716
0.0192668
7.02075e-49
0.00107147
0.00025949
0.00251963
0.000151235
0.00220979
0.0170433
0.00353759
0.00343147
0.000637641
9.88851e-05
0.0115933
0.00490179
0.0229644
0.00658309
8.29758e-06
0.012289
0.0119366
0.0030122
0.0180911
0.0017486
0.0010286
0.00600997
1.98295e-06
2.26345e-16
0.0124914
0.00118403
1.39535e-07
0.00291448
0.00978467
0.00433128
0.00537019
0.00828849
0.0133044
2.52729e-10
1.88964e-05
0.00921413
8.08654e-14
0.00312978
2.54363e-05
0.0189275
1.46304e-09
0.00882826
0.000161727
8.67118e-26
0.0010665
0.00719424
0.00294707
6.0836e-09
0.0054909
0.00633726
0.013149
0.00242644
0.00167929
3.60671e-06
0.000624592
0.00180546
0.000177232
0.00360358
0.00825109
0.00375638
0.00763177
0.000105209
0.00324232
0.0241016
0.010546
0.000810955
5.79031e-05
0.0330905
0.000252802
8.21675e-16
0.00592409
0.00126325
0.00107999
0.0185975
0.00524949
0.00388851
0.00608931
0.000434405
0.0105936
8.9227e-05
0.0033207
0.00457788
0.00483881
0.00209454
0.00865183
0.0032205
0.0159275
1.00276e-08
0.0275284
0.00787181
0.00184457
0.00623224
0.00223837
0.0175737
0.0140301
0.00483075
0.00613749
3.30321e-12
2.11198e-05
0.00786055
0.00706528
0.000511188
0.001357
0.00480665
7.33286e-05
0.00266841
0.0182849
1.79924e-07
0.0186686
0.00589175
0.000331866
9.29154e-07
0.00393449
0.00214933
5.39682e-25
0.00285644
7.36121e-12
1.47896e-05
0.00416666
0.00708665
0.0113971
0.00345178
0.000126208
0.00100632
0.00864757
0.0134609
0.0148991
2.84526e-05
0.0107928
9.61884e-09
0.00363296
0.0123527
0.000175747
0.00469289
0.0177476
0.00112822
0.000607933
0.0188654
2.87735e-14
0.000609637
3.45982e-08
7.72423e-05
0.00091802
0.0362506
0.000690137
0.0138644
0.00325916
0.00662598
0.0137154
0.0409898
0.0034479
0.00866506
0.0171092
8.86815e-05
0.00500268
9.92686e-05
9.41506e-20
0.00111851
0.00249423
0.0204618
0.00747975
0.00215896
0.000345338
0.00333456
2.48081e-05
0.00121283
1.11548e-08
9.0353e-07
2.01577e-09
6.30195e-09
9.66814e-05
0.0312426
0.00667932
6.41771e-05
0.000842839
0.0122987
0.0163648
0.00468253
0.000815328
0.000164047
6.64093e-07
0.000253634
4.06405e-06
0.0060234
0.00121585
0.00162944
9.27637e-05
4.64328e-16
7.6673e-05
0.0159058
7.10456e-11
0.000514798
0.00135733
0.000399237
0.016047
0.00348143
0.00102673
0.019201
0.0277973
1.54779e-06
0.0122023
0.00585528
0.00740512
0.000307594
0.00399187
8.75294e-05
0.00145403
0.0120375
0.00907184
0.000884134
0.000446781
0.0032578
7.41395e-05
0.000441415
0.00384492
0.00161414
0.00477269
0.013135
2.05332e-13
0.0131744
0.0151703
0.00316202
0.0318945
0.0160538
1.78464e-06
0.0015041
0.0290978
5.58701e-23
0.00368674
0.0032239
0.00439341
1.82745e-06
1.93224e-14
0.00743725
0.0136691
0.0189792
0.000635877
0.00239632
0.00676066
0.00654805
5.16929e-05
4.88207e-05
0.000896058
0.00852544
0.00209776
5.24147e-15
1.89422e-10
0.0194774
1.66788e-07
0.000266268
0.00148732
6.69951e-14
0.000253788
0.0018513
0.00257274
2.41569e-05
0.000608649
0.00185334
0.040735
0.000871452
0.00832928
2.35871e-17
0.000641228
2.84812e-06
4.43144e-05
0.000138131
1.0505e-06
0.00338375
0.000115068
0.0138394
0.00051159
0.00123717
0.0129759
0.00588519
0.00400702
0.00290042
0.00991409
0.0132887
0.0193305
0.0020627
0.006737
0.000211971
8.4349e-05
4.19104e-07
0.0194119
5.97929e-06
0.00713455
0.00211103
0.00581668
0.0204678
0.0141524
0.00018828
0.0455657
0.00365463
0.000681494
0.000319957
0.0124695
0.00824772
0.000758611
1.05952e-11
0.0167492
0.000843938
0.000677966
8.60622e-08
0.00778352
0.00193597
0.00136327
0.000516484
0.0152922
5.40779e-05
0.00469452
0.00755545
0.00423641
0.00028156
9.24175e-06
0.000324918
0.0028228
0.00994801
0.0149413
1.05068e-13
0.00218724
0.0134553
0.00325724
0.0076048
5.13611e-11
5.81366e-08
0.0104914
0.0107752
0.00750896
0.000601656
0.00156414
0.00123294
0.00217526
0.0146073
0.0157626
0.000304031
0.00155834
3.35543e-09
0.00368352
0.000599223
0.0152523
0.0534707
0.00117328
4.20505e-05
0.00554777
0.00118318
0.000618323
0.00146697
3.1124e-05
0.00309461
0.0256953
0.000450808
1.78409e-21
0.0231489
0.0340243
8.35715e-14
3.24549e-09
1.2029e-09
7.46003e-13
0.0007427
0.00250555
0.0064919
0.0129331
0.0204127
0.000258584
0.000350174
0.0145209
0.00262385
0.0310279
5.48376e-06
0.0201022
0.000840503
0.00113973
0.00320113
6.00469e-05
0.0117932
0.0140956
0.00243851
0.00454397
0.0281739
0.000231579
0.000573599
7.99322e-06
0.00254834
0.000538511
0.000717667
0.00221677
5.11513e-06
9.08452e-10
0.00453385
0.000212339
7.92286e-24
0.000182512
0.00163771
0.00054498
0.00517884
1.50954e-07
1.69668e-05
0.00430423
0.0063571
0.00540384
4.41276e-09
0.0081859
0.00570105
0.00296786
0.0109868
0.0229023
0.00859537
0.00869442
0.0180697
0.00425306
4.29114e-07
4.63423e-05
0.00558725
0.000244836
0.00672981
0.006256
0.00326886
0.0135869
0.0299386
0.000531731
3.84855e-06
0.0158199
0.000124914
0.00195092
0.00193004
0.00163919
8.78946e-16
0.00491643
0.00244592
0.0030511
0.00274899
2.89436e-05
0.0102304
0.00481007
0.0140841
0.00132006
0.0577368
1.80017e-05
7.74481e-22
0.0117415
0.000158119
0.00303093
0.00135865
0.00930279
5.65487e-17
2.34225e-12
1.07989e-20
0.000509897
0.0485418
0.0076289
0.00305205
0.000119822
0.0063522
0.0227462
0.00274951
0.00170698
0.00291536
0.00767356
0.000134504
5.03637e-05
0.0144389
1.78262e-35
1.18688e-05
0.00024019
0.00114299
0.000356392
0.000111019
0.000776041
0.00352714
0.0207621
0.00747843
0.00310741
1.08447e-06
0.00974272
0.00599167
6.72888e-10
0.00738599
2.52323e-21
0.00044544
0.000936586
2.64838e-06
0.00112678
0.000443068
2.21575e-06
0.00619077
0.000162641
0.000915927
0.0043229
3.99184e-17
0.0025812
0.0143057
0.00244962
0.0190491
0.000280919
0.00189448
8.23718e-05
0.00360331
0.000593673
6.76306e-06
0.00595539
0.00894824
0.013825
2.15372e-05
9.76187e-05
1.58428e-05
1.48582e-05
0.00224976
8.16676e-07
0.000962928
0.00978037
0.00616339
0.00491997
8.09838e-05
0.00779649
0.0065078
0.00950048
0.0255846
0.00734926
0.000565511
0.0144616
0.00747633
0.00169753
5.29105e-25
0.00676057
0.000468896
0.0121532
5.1045e-07
0.00265528
0.000713435
0.0074895
9.47186e-06
0.00241099
0.00747641
2.42369e-16
0.033865
0.0282526
1.75298e-08
0.0020697
1.52812e-08
0.00135775
0.018725
0.0114952
0.000472458
0.00718917
4.10049e-06
0.00930271
0.0148374
0.00417828
0.00111572
0.0210641
0.0104112
0.000621614
0.000177571
0.00396015
0.0073369
0.00577483
0.000312799
0.0652809
0.00417774
2.38271e-05
0.000178601
0.00125519
0.000544055
2.46765e-25
8.28927e-05
0.00266511
0.00169226
0.00609664
0.00240492
7.13718e-05
0.0041047
0.00830128
0.00273787
0.00371438
0.00262877
0.00541038
0.000247068
0.0138298
0.000105398
1.2616e-06
0.000391754
0.000124907
5.16722e-06
5.88644e-10
0.000314495
1.50555e-07
0.00290601
1.01638e-05
0.0370595
2.25757e-05
8.74098e-05
0.00257255
0.000426116
0.00695553
0.00439808
3.479e-05
2.4262e-10
0.0182714
0.00506085
0.000885894
0.00671626
4.83379e-47
0.0288137
3.28577e-10
0.00915829
0.000212146
0.00506939
0.00116981
4.62233e-09
0.00466605
7.76884e-08
0.00491091
0.0114757
0.00358644
0.00955306
1.34623e-11
0.0191395
0.00169671
0.00261985
3.39347e-50
1.34275e-11
0.022368
2.87861e-05
0.0100992
0.00230263
0.000988096
0.000470381
0.00162239
0.00218053
0.00105401
0.00100403
1.71096e-06
1.57742e-05
6.26578e-05
0.000171639
1.08671e-06
5.47835e-06
0.0261476
0.00903421
0.00500773
2.28874e-08
0.00103072
0.00577819
0.0056915
0.000371817
0.000232011
0.000566854
0.0148235
0.00624078
0.000161786
0.000296829
0.00133404
8.33569e-05
0.0139329
0.00212443
0.0201349
0.00248356
3.21133e-05
0.0203359
0.0048671
0.00817943
0.00023659
0.00389208
3.35784e-05
0.0124841
0.00607375
3.32587e-06
0.0172724
3.11699e-05
0.00309056
0.00412441
0.0109959
6.31118e-09
8.82546e-07
0.00663557
0.000300259
0.00607229
0.00301999
5.84353e-05
3.33327e-05
0.00354139
0.0150033
0.000447488
2.87887e-16
0.00788846
6.67577e-11
0.00174512
2.76757e-05
8.22119e-30
1.79173e-09
0.0309717
0.000767022
0.000429676
1.67407e-05
0.0217538
5.79675e-05
0.00122086
0.000378439
0.00485538
1.16695e-31
0.0146757
0.00106581
0.00114835
0.00156531
0.018316
0.00505577
0.000890205
0.00101953
0.0189185
0.00490802
0.00840489
0.0142847
0.00843739
0.000279053
0.00347461
0.0126959
0.00267207
0.000402753
0.00375899
0.00135056
0.0102024
0.0361474
2.57557e-11
0.000178454
0.0178588
0.00251162
0.000523686
0.00671809
7.28561e-18
0.00883883
0.00449052
0.000281017
0.00239271
1.05257e-09
1.44232e-06
0.00535642
0.00854084
0.00025032
0.0112188
6.27492e-06
2.01243e-05
0.00291633
0.000565293
0.00157901
0.00294336
0.0224018
1.02081e-06
0.00240535
0.00900871
3.26302e-08
1.43128e-16
0.00864385
0.00220151
0.0203906
6.88709e-05
0.000162555
0.0100736
0.000874869
0.017875
0.0152896
0.0396678
0.00344747
0.00106079
0.00620145
0.000572772
0.00145713
0.000232804
0.00229724
0.000412027
0.0063572
0.0145461
0.00139302
0.00113702
0.00137761
0.0168995
0.0202461
0.00352063
0.0151437
0.00100724
0.000537079
0.0203393
0.0182782
0.0012803
0.0124946
0.0245229
0.00514897
0.0142107
0.011904
2.75681e-14
0.00598199
1.42033e-08
0.00273456
0.0136791
4.53173e-06
0.0276128
6.42936e-06
0.00510611
6.65164e-05
0.000212046
5.45454e-05
4.5298e-14
0.000182261
0.000408423
0.000737758
8.27552e-09
0.00128664
0.00144142
0.022744
0.00498129
0.00214026
0.00156144
0.0297579
0.00516659
0.000619869
0.00411267
0.00018924
1.26827e-06
0.000623829
0.00486457
0.00127237
5.44854e-08
5.76107e-05
0.0311364
0.00779572
1.96121e-05
7.24448e-07
4.65234e-39
0.0196017
0.0194228
0.0145628
5.11225e-06
0.0259425
8.3285e-05
1.93855e-07
0.00909082
0.000274854
3.68609e-15
0.00127731
8.5146e-09
0.00430393
0.000906741
3.71488e-08
2.28795e-05
0.000990294
0.000856035
0.00291478
5.37367e-06
0.00750132
0.00450143
0.000537312
0.00221813
2.66041e-09
0.00157801
0.00164678
0.000106697
0.00198545
0.00520394
0.0329538
0.00013542
4.54206e-05
0.00943117
0.000557523
0.0262484
2.42899e-44
0.00039991
0.000147193
0.00163817
0.0442053
6.02907e-06
0.0065227
3.90802e-06
1.24811e-09
0.00163916
0.0702277
0.00298102
0.000436132
0.00296229
0.00475482
0.00529458
0.000404454
0.00209626
9.96405e-06
0.00364036
0.00259548
8.6019e-49
0.0226989
0.00125201
0.00200806
0.000603788
3.12304e-05
0.00115265
8.99686e-06
0.00150845
0.00478935
8.61695e-05
0.0158044
9.78932e-09
0.000386063
0.00217702
2.08464e-08
0.00793108
0.00162194
5.9205e-07
0.00567923
0.000100769
2.66726e-05
0.00809613
0.0504678
4.91502e-06
0.00164857
6.8455e-05
1.84406e-06
0.0238278
0.0086736
0.00236393
0.00742981
0.01243
0.0448191
0.0085478
0.00639425
1.88716e-10
0.00198199
0.00288017
0.0123738
0.00045378
0.0145094
0.0014266
0.00743922
1.0263e-31
0.00631157
4.4625e-05
0.00211348
0.000157411
0.0283651
0.00899166
0.0190059
0.00507935
0.000793167
4.9892e-17
0.00132034
0.0340188
0.0111252
4.95023e-08
4.53847e-05
0.0193154
0.000746535
1.77977e-09
0.000764996
3.79308e-06
7.72323e-15
0.017125
0.00499788
0.00352515
0.00793486
0.00733633
0.00113653
1.93798e-21
0.0250378
0.0022542
0.000355857
0.0119921
0.0165673
0.00154875
9.72228e-07
1.47689e-05
2.41974e-05
1.61725e-05
0.0354491
0.000175565
3.11567e-05
0.00317342
0.00871331
9.56387e-07
2.73053e-07
0.00230675
0.001302
0.00247394
0.0192317
9.82209e-05
0.0169317
0.0075363
3.40402e-05
3.48265e-25
0.0198104
0.0149403
0.00364109
0.000294015
0.00023282
7.43585e-06
0.00573823
0.00226679
1.65926e-18
0.00456016
0.00306903
0.00209646
0.000322144
8.74382e-12
0.00678488
0.00109527
0.00021071
0.00147783
0.000256694
0.00154875
6.45102e-09
0.00191865
0.0279125
0.000231625
1.01276e-19
0.0015152
7.91078e-29
0.0018159
0.0174713
8.78973e-07
2.63427e-17
0.00170848
2.85733e-61
0.000619256
0.00355683
3.27064e-10
1.41708e-05
6.31278e-06
0.00131769
0.0178953
0.0229269
0.00159465
0.0126288
0.00525883
0.0101762
0.000892404
0.0036284
0.00268481
8.50364e-05
1.40848e-05
1.17308e-07
2.8649e-05
0.00847859
0.00969819
0.0024202
0.000211837
0.00915709
0.000180475
1.298e-05
0.00183975
0.00416183
0.000293362
0.0146704
1.19758e-38
0.00789446
0.00866748
0.00547156
5.11883e-05
1.61315e-09
0.0218717
0.000700971
0.00784956
2.47782e-07
0.000821462
0.0018571
3.5108e-06
0.00296851
0.00170816
0.00479188
0.0182855
0.0204691
4.00244e-05
0.00219052
0.00139423
0.0331273
0.000223042
0.00113439
0.00172725
1.3079e-16
0.00596216
0.00487417
0.00406442
0.00150123
0.00539327
0.00414039
0.00109778
0.00537422
0.00455121
2.02634e-07
2.60463e-10
2.02846e-05
0.0155934
0.0043449
0.0088357
7.02047e-215
5.44559e-12
9.83633e-05
0.00734276
0.0285683
5.56465e-05
0.0146638
0.00026794
4.06372e-13
0.00330744
0.00494348
0.00706263
0.0022714
0.012189
0.00862101
0.00229158
0.000334163
0.000265912
0.000266903
0.000575946
0.00198047
0.00318666
0.00942365
0.000356782
0.000291907
0.000227664
7.30948e-18
0.00241776
1.04267e-16
7.60452e-18
4.10973e-05
0.00114662
8.78135e-08
0.00747737
1.05744e-19
1.90327e-27
0.00284001
0.00197814
0.004321
0.00158291
0.0025759
0.0138123
5.7985e-07
0.00621027
0.0181773
0.000544816
2.40292e-67
1.73526e-09
0.0181939
0.00263799
0.00222851
0.0151603
0.0197686
0.000313408
0.000840692
4.5831e-07
0.000114663
0.000189148
0.00183554
0.0139226
0.0287603
0.0177982
0.00216708
0.00506518
0.00216768
0.0045261
0.00171124
0.00598157
2.44679e-31
0.00062385
2.31611e-07
0.000806316
3.4188e-05
3.46018e-10
0.00239423
0.00165477
0.000297073
0.000156095
0.0233544
0.00349659
0.0141676
0.00529441
3.03641e-11
1.00917e-05
0.00962989
2.07058e-09
5.89216e-08
0.00140763
1.52016e-05
0.00378062
0.00410676
0.0124293
0.00266496
1.32461e-05
0.00824635
0.00252322
7.18897e-30
0.0138311
7.88996e-05
0.00718518
2.47106e-14
1.30668e-07
0.000934486
0.00729209
1.3971e-07
0.0263735
0.0216045
0.00475892
0.000336428
0.00187139
0.0188145
0.013909
0.0166856
3.16329e-05
2.5185e-08
0.000842592
0.00447903
0.00529453
2.41111e-08
0.0113246
1.62217e-06
3.80368e-05
0.00812935
3.46223e-05
8.66705e-06
7.26641e-06
0.0148188
0.00430272
0.0146066
0.00972028
0.00583074
0.0111994
0.0114021
0.000129515
2.25753e-05
1.23011e-08
0.00504128
0.000962959
0.00749599
1.24274e-17
0.000159427
0.000417754
0.00705308
0.00157185
7.76923e-05
1.44196e-06
0.00276381
1.3219e-08
5.5406e-21
1.47212e-05
0.00417812
5.68019e-06
0.00234812
0.00531891
0.00160429
0.0202365
0.00491373
8.20653e-05
0.018013
0.0316703
2.54718e-20
0.00110659
7.82569e-05
0.00115742
0.00862702
0.00330925
1.96742e-14
0.0114885
0.00792315
6.33969e-11
0.00936067
0.00872133
0.00921768
3.27648e-06
0.00567983
1.90648e-06
1.06596e-05
0.0151757
0.0204767
0.00116536
0.00430508
0.00460887
0.00420722
4.44717e-52
0.0249265
0.000227735
3.40117e-06
0.00126738
0.0263113
2.15625e-12
0.0022773
2.89383e-12
0.00090468
0.00480002
3.33669e-05
0.00794625
1.33148e-06
0.00025546
0.0102818
6.602e-07
0.0260278
4.92306e-06
7.8611e-13
0.000781905
0.0045271
0.0211438
0.00201976
0.0015588
0.000205201
0.000450931
0.00954114
0.00158821
8.33347e-05
0.00105645
0.0136108
0.000333739
0.0020354
5.73749e-09
0.000135808
0.00511678
0.0107258
0.000536504
0.000389357
0.0053946
0.00931375
0.000103122
2.26873e-07
0.00852608
8.18282e-08
0.00252378
0.000316652
0.000188978
0.0461026
0.00566417
0.000104536
0.000498739
0.00252391
0.0359243
0.0175325
2.07269e-08
6.3104e-05
0.000199975
0.0345068
0.00462502
0.000300475
7.60042e-05
0.0024225
0.000278291
0.00104736
9.92222e-06
1.89507e-06
7.60259e-05
0.0063512
0.000635058
0.000771854
0.000199668
1.6886e-06
0.00173101
0.00171368
1.51155e-08
0.0142828
0.016904
0.0158209
0.00382058
7.13576e-09
0.0098502
5.85014e-05
0.0198952
4.57321e-08
0.000685011
0.00102676
0.0095147
0.00160847
0.0066664
5.61011e-05
0.00144795
0.0014117
0.0086499
0.00222331
0.0251336
0.00413716
1.80674e-05
6.34919e-05
0.0132406
0.00488891
0.00286881
8.16158e-05
0.00689391
0.000326134
0.0044431
5.56671e-52
0.0429536
0.0122666
0.0269565
5.9607e-29
0.00161425
0.00500294
0.00257435
0.0035523
1.23896e-05
0.010793
0.00467432
1.59815e-11
0.0149394
5.92433e-09
0.0146251
0.000744303
7.41661e-07
0.0244859
0.00127198
0.00182823
2.24463e-08
4.88161e-07
0.0083512
0.0172644
0.000623093
5.10002e-05
4.14576e-06
0.00967104
0.000308563
3.08287e-05
0.00903195
0.000935691
5.92252e-05
0.012831
0.0185305
0.00906912
0.000233922
0.000918581
0.00322334
0.0131284
0.00540466
0.0248248
0.000377429
3.49843e-05
2.59106e-07
0.0182206
0.0220551
0.010131
0.000154911
8.74527e-05
0.00713324
0.00275233
0.000920062
2.42593e-24
0.0146296
0.00427822
2.89361e-05
0.000986322
0.000441671
5.94341e-08
0.0263095
6.52544e-09
0.0125847
0.0241457
0.00108382
0.00989574
0.000271896
0.0210209
1.27281e-05
0.000424248
0.0399871
4.44524e-05
5.61448e-10
0.00583852
0.000243312
0.00674682
0.000793873
0.00447869
8.00028e-05
4.21834e-08
0.000834135
0.000178411
0.00491843
0.005971
0.00344669
0.00933906
5.08442e-06
0.016507
0.0139468
0.00225328
0.000254073
0.0125098
1.23511e-06
0.00490819
0.00708918
0.000719149
0.00299743
1.00123e-06
0.000141834
0.00417286
3.66259e-06
0.0138538
0.00332899
0.00258182
0.000802122
2.55595e-05
0.000496541
0.0195665
3.45013e-22
0.0201783
0.00155478
0.00921948
0.0295121
4.52289e-12
4.30582e-05
0.000477979
2.96439e-05
0.0249563
0.00419082
0.0147243
0.0120961
0.0123018
0.00265328
0.003932
3.97302e-05
0.00111668
0.00534826
0.0005864
1.00056e-06
0.00222326
0.00056026
0.0013663
0.00811653
0.00566946
0.0033561
4.59122e-12
0.000743309
0.0484937
0.00119429
0.00429013
0.0020223
0.000838457
0.00109874
0.0151327
0.000469001
8.99837e-07
0.0123932
2.15291e-23
0.00172153
0.00458832
0.000275731
0.00289945
0.00215018
1.89384e-05
0.00114013
0.00248505
5.56899e-11
0.000171471
0.00223247
0.000749203
0.00231792
0.0161786
6.93387e-06
8.60219e-05
4.74082e-10
0.000126579
0.0219824
0.000117538
0.000317027
0.00373592
0.0321211
0.00103004
0.0172941
0.00303251
0.000114323
0.00177398
3.52782e-05
0.00438276
0.0351701
0.019459
0.00461561
1.39434e-05
0.00278856
0.00046604
0.00531361
0.0153425
0.000994156
0.023029
0.00165917
0.00280005
0.00790785
0.00385048
0.0124878
2.60346e-06
9.76294e-07
4.88596e-05
0.00151621
6.83766e-28
2.51534e-07
0.0131757
0.00117635
9.35786e-05
2.58571e-19
0.030045
1.57486e-06
1.55707e-25
0.0074595
0.00240843
0.00153555
0.00479269
0.000140661
0.00937238
1.66081e-17
0.00878391
0.000540752
0.000335155
0.0132106
6.80275e-05
0.00216089
0.0100615
0.0018991
0.0160521
0.0226164
0.00507872
0.000212794
2.85528e-08
0.0023823
1.95324e-38
0.00654061
0.00305362
0.00672704
0.000410238
0.00109898
0.000352861
0.000175319
0.0188142
0.000199889
0.014931
4.12023e-09
7.04973e-07
0.00169132
0.000943128
0.0111491
5.62648e-10
0.0001426
0.012363
0.0379896
0.0116704
4.55866e-06
0.00165258
0.00408248
0.00784711
0.00773172
4.12023e-06
0.0022982
0.000845298
3.74304e-06
0.000770836
0.000302013
0.00865065
0.0363158
2.05365e-05
0.00912178
1.22087e-07
3.53035e-09
0.00492764
0.0163539
2.02029e-06
0.000590744
0.0104308
0.00112219
0.000269563
0.00746174
0.0107599
0.00883114
0.00702922
0.000202476
3.05673e-75
0.00841658
0.0210651
0.0378899
1.82852e-10
0.0129392
0.000110746
1.22101e-05
0.0110801
4.36724e-20
0.000256648
0.0017389
0.0003441
5.74561e-05
2.20735e-07
0.000634102
0.0131973
0.00540591
3.40983e-05
2.59902e-10
0.0169047
0.0017615
0.00035361
0.000119394
0.0126393
0.00042944
0.00378966
0.0128968
0.0217545
3.45734e-37
7.36052e-05
0.00561602
0.00182064
0.00252817
0.00207891
0.0102421
0.000358473
0.00195652
0.000146184
0.0129499
0.00047924
0.0142177
0.00241076
0.000934468
0.000200796
0.000235567
0.00242811
0.00139035
0.00122317
4.49602e-05
0.00142139
0.00432808
2.5014e-07
7.13739e-07
0.000209157
0.000732394
0.00279755
9.41273e-06
0.00011275
8.38515e-10
0.00859239
0.000417598
0.000397225
0.000715277
3.69742e-05
0.00116794
0.00915362
0.0108397
0.0180491
0.0520074
0.00990162
0.00119643
0.0227673
0.000118762
0.0053174
2.86531e-10
0.0110831
1.29601e-25
0.00642484
0.010247
0.0261661
0.00674765
0.00375071
0.00420898
0.00535431
1.10355e-10
0.0071009
0.00251046
0.000459739
0.0104437
0.00914476
0.000370034
0.00299441
0.00175369
0.0069784
0.0285899
0.00114403
0.000163674
0.00194494
0.00620044
0.0353028
0.000276943
0.0128176
0.00176305
0.00232099
0.0238549
0.00252983
0.000227034
4.82779e-05
5.34001e-05
0.00039453
7.67098e-07
8.58409e-05
0.00109721
0.0225898
1.01234e-05
0.00484745
0.0223528
0.000568342
0.00544935
0.00265294
1.13407e-10
4.13563e-06
5.8795e-06
0.0138312
0.00188275
2.38764e-06
0.00742906
0.00378909
0.00555572
0.0158871
0.00189313
0.000733817
0.000195519
0.000105902
0.00175617
0.00253634
0.000365354
0.00616844
2.89547e-08
0.00057651
7.92075e-05
0.00249052
3.86297e-05
5.40988e-05
0.0226647
0.00023048
0.00316096
0.0172682
0.0119982
2.3494e-07
0.00540993
0.00799249
1.17878e-19
0.000126354
0.0257856
2.32901e-10
2.01747e-05
0.00336966
9.90468e-05
4.66653e-08
0.00512168
0.00112056
0.00341072
0.0108393
0.00168671
0.0208677
0.0261453
0.000379283
0.00175607
0.0295729
2.89059e-05
0.0263862
0.010967
1.52049e-05
3.69575e-09
3.0784e-05
9.71353e-05
3.32714e-06
0.0108081
0.00496966
0.00172781
3.96381e-07
0.00989903
0.00267862
1.79373e-21
0.000351724
0.00126646
0.00661916
0.00276713
0.000177779
0.00106928
4.15709e-07
0.0337601
2.72932e-09
0.000994454
0.0105786
7.21341e-05
0.00646063
0.0175377
1.51013e-05
0.0194796
0.0231933
0.00250808
0.00134364
3.42321e-06
1.40941e-15
0.00971787
0.0182312
0.0265715
0.0342742
0.00889069
0.00274545
0.00738648
1.08377e-18
3.85545e-05
0.000764477
0.0150485
0.000298734
0.0100808
0.00181877
2.55701e-12
0.00306196
0.00295421
0.00305273
2.28853e-05
9.4785e-15
0.00756686
5.04346e-05
0.00036718
0.0009424
0.000561134
3.89633e-16
0.0102645
0.00951689
0.0060617
0.00175564
6.51348e-06
0.000464038
0.00124706
1.01748e-05
0.0102501
9.64219e-05
0.000974874
1.23549e-05
0.000476213
0.00773388
0.00369942
0.000583635
7.94319e-06
0.00282447
0.000604448
4.09135e-12
0.0140268
0.0271265
2.24836e-19
0.000260889
0.00315149
0.00558972
0.00059156
0.0020377
0.000131912
0.0059477
0.000301744
6.82324e-11
0.0137501
0.02364
3.72721e-05
0.0104228
0.00194332
0.00538967
0.00989952
0.0131776
0.00184549
8.87271e-06
0.000418281
0.0109899
2.48989e-10
6.3257e-06
0.000181699
0.015516
0.00611357
0.00228825
1.46891e-05
0.00946487
0.00348932
9.53267e-15
0.00740062
0.000152636
3.45497e-27
1.19772e-158
0.0144567
0.0121317
0.00615842
0.0107669
2.37967e-08
0.00678115
4.07129e-06
0.00130961
0.000103183
0.00146553
0.001336
0.00444677
0.0108145
0.010528
0.000472327
0.0160648
0.00262999
3.69572e-13
0.000345152
1.93252e-34
0.0025499
2.97119e-05
0.00266354
0.00678484
0.00403434
0.00573732
0.00997751
0.008572
0.00430289
0.00426375
1.64229e-07
0.00513422
0.00667504
0.0208102
0.0167743
0.00734365
0.00439769
0.0111035
0.00634246
0.0202207
0.0008784
2.37259e-07
2.19522e-08
2.74975e-08
2.15336e-06
0.00276603
0.00365689
0.00846548
7.89494e-05
0.0101303
0.00338253
0.000500714
9.15614e-07
0.00309192
0.000916518
9.511e-08
0.000222522
0.000223718
0.000149897
0.00135055
2.33995e-40
0.000288574
0.000202193
0.00833035
0.0260059
6.34592e-05
0.000498734
0.00299288
2.43141e-05
0.027991
0.0141098
0.00456135
0.00524082
1.05291e-43
4.91635e-48
0.0165553
7.73387e-05
0.00458498
2.30414e-27
0.00341509
2.6183e-09
0.0385709
0.0110395
0.000676333
0.01162
0.00029769
0.00725513
0.00173674
0.02412
0.00147238
0.0096205
0.000692534
0.000298704
9.06689e-19
0.000144425
0.00583396
1.04367e-26
6.28735e-09
0.0197758
0.0130453
0.0240495
1.33117e-26
0.000485695
0.0167126
0.0072943
0.000150466
0.0365291
0.00914631
5.69623e-05
4.15093e-08
0.00580841
0.00278266
0.0406874
0.011931
1.05867e-13
0.00194272
0.00584107
0.000856424
0.000894415
0.00117778
0.0115182
0.000132837
0.000694999
0.00330802
1.71523e-08
0.00147872
0.00828528
0.00839109
8.28302e-10
0.00309639
0.00240926
0.0117145
0.00132373
0.00246776
6.78608e-05
0.00178815
0.00737873
0.00725454
0.00953627
0.0212283
0.0249151
0.000477911
0.0256701
1.90603e-05
0.0180499
0.00142287
0.0021732
0.0010755
0.00312659
0.0177496
0.0103499
0.00603422
1.78197e-07
0.00137054
3.99071e-09
2.70092e-09
0.000331781
6.6571e-06
0.00899047
0.0041785
0.0328578
4.08236e-11
0.0109188
0.00723773
0.00423285
5.23521e-07
0.00132546
0.000278495
0.000253233
0.00123846
2.40906e-05
0.00190356
0.000326228
0.00556752
0.0383229
0.0084052
0.00674636
0.00106714
3.08491e-12
0.00860288
0.0050956
9.64554e-05
6.13563e-65
0.000904992
6.92117e-38
0.00369611
0.0158468
0.000673131
4.56503e-07
0.000307878
0.00027784
2.38817e-12
0.02228
5.76007e-10
0.0031931
0.000743968
0.00339394
0.00256271
9.57775e-20
0.00433627
0.000295074
0.000410113
3.36307e-06
7.44052e-09
0.00124274
7.46448e-27
0.00135208
3.59566e-08
0.00225014
0.00920727
0.00130103
0.00138018
0.0210128
3.73772e-07
0.0173876
0.0105963
0.00327851
0.000370149
0.000985409
0.00288572
0.0195112
0.000792528
0.0137199
3.86946e-15
2.3439e-08
0.0002084
0.00547854
2.37009e-21
4.90542e-05
0.00063694
0.00645276
0.000339136
0.0103093
0.0139207
0.00353744
0.00859845
0.0496586
0.000314349
0.00660876
0.0127979
0.000222806
0.00122665
0.000109467
0.000659715
0.00027563
0.00142426
0.00639446
0.00381855
0.0138511
0.011104
0.000132447
2.65012e-08
7.6978e-06
0.00816896
0.00156599
0.000100557
0.0204746
0.000192548
1.52141e-06
0.0379194
0.0116081
0.000426739
1.07565e-45
0.00203613
0.00256839
0.000734779
0.000567615
0.00360588
0.00151506
0.000670811
0.00196117
0.00902447
0.00419642
0.0137394
0.0157181
0.00521219
0.00441584
0.022068
0.00144452
0.000591377
7.8078e-20
0.00739486
0.000876956
0.00615369
0.00177939
0.00127321
0.0144215
0.0123116
0.0016156
0.00141014
0.00115443
2.69655e-06
0.0060072
2.65341e-06
3.82393e-06
0.0503077
0.00364653
0.0029859
7.73171e-09
0.00275461
0.00607016
1.0061e-06
0.0123996
1.94279e-06
0.0162234
0.0258898
0.000390566
0.00226599
0.000295805
0.000144497
0.000781992
0.000436653
0.000958132
0.00182152
9.34075e-23
0.000586842
0.003819
6.90124e-31
0.014485
0.00111875
0.0133165
2.28528e-05
0.00010104
0.000119071
7.64204e-05
0.00807475
0.000478749
0.00367911
2.69901e-06
0.000887385
1.85298e-39
0.000867158
0.00017514
0.000251264
6.08101e-10
1.08514e-05
0.0027789
0.00178401
0.00305935
0.00406723
0.000504829
0.00591526
0.000343507
0.0129029
0.0204346
2.21521e-05
0.00720289
0.00145289
0.00130082
0.000369194
0.00653174
0.00125543
0.00812588
3.81374e-13
0.00288236
0.00824799
0.00597298
0.000704274
0.000420249
6.87031e-32
1.33533e-05
0.0016562
0.00395577
0.0358591
0.00205675
0.00550924
0.00744114
3.38809e-05
0.000232641
6.75125e-06
0.0249211
0.00266499
0.00826776
9.88036e-06
0.00630837
0.0050902
1.35056e-05
0.0227812
0.000418982
1.87497e-06
0.0009166
0.011019
4.75188e-07
0.00846752
0.00446689
0.000465923
0.00158977
0.00166725
0.00678253
0.00135954
0.0141961
0.00116187
4.18278e-06
0.00146994
0.00944142
0.00147975
0.00228697
0.00012399
0.00952334
0.00982884
5.20787e-12
0.00068582
2.91597e-18
0.016746
0.00445499
5.79896e-06
1.54175e-05
0.00714404
0.00082652
3.68136e-07
1.37801e-05
3.2947e-10
0.00610628
0.00351656
0.00457331
0.0209259
0.00647785
0.0060135
0.000770413
0.0180018
0.0281014
0.00204605
0.00544973
0.000930055
0.00249137
0.0338291
0.00617139
0.0010309
0.0191084
0.0142236
0.000143933
0.0281805
1.04048e-05
0.00910253
0.000929946
6.06276e-06
6.3481e-05
1.32889e-05
2.82431e-06
0.000903256
7.93854e-06
0.0282769
2.313e-22
0.000451362
0.0178337
0.00434481
2.12375e-14
2.66905e-05
3.59853e-06
0.000227083
1.07061e-35
0.000103937
1.75692e-08
0.00328992
0.01424
1.0339e-51
0.000993882
0.0371444
0.000838387
1.70559e-05
0.00203796
0.00735609
0.0182863
0.00506761
0.00239686
0.00664178
5.27941e-06
0.00627463
0.00252221
0.00368008
0.0074536
0.0150405
0.00213615
0.0001452
0.0102133
2.58502e-06
0.00152423
0.00624421
2.52894e-24
0.00288305
0.00513264
0.00977008
6.78827e-06
0.00867282
3.41576e-05
0.00821349
0.0145275
0.0057323
0.00291095
0.000168177
0.00975357
3.42577e-08
4.8785e-05
0.000273046
0.000810436
0.0205794
0.0108149
0.00333422
0.00188179
0.000104052
0.00519834
0.000283786
0.02592
0.00147051
0.00113254
0.00897038
3.3776e-05
2.1086e-05
0.00416042
0.00044709
0.0123812
0.00852899
0.00644692
0.000253127
1.43731e-09
1.8088e-08
8.9428e-05
0.0123762
0.00263504
0.000209576
0.000477328
0.0033198
0.00820103
0.000584976
0.00778634
0.0182664
0.0140224
0.010866
0.000486197
0.000913841
7.42679e-08
0.00683856
3.94254e-06
0.00130074
0.00165889
0.0185575
0.00139269
0.00209002
4.63938e-05
6.54432e-07
4.9101e-05
0.000113865
0.00585642
0.000554565
1.0786e-05
2.95513e-60
0.00882709
0.0341808
4.44805e-38
0.000558714
0.00687816
0.000106901
0.000103485
0.001315
0.0407297
0.0403363
0.0160727
1.84435e-10
0.00918344
0.00305111
0.00652273
0.00757083
0.00183745
3.48481e-05
0.0201324
0.0152277
0.00450383
0.00382694
2.23167e-11
0.00949049
0.000303199
0.00034549
1.78094e-06
0.00263725
0.000261466
9.00508e-12
0.0165549
0.000101828
0.00188044
0.0304804
0.00694802
3.83606e-09
0.00350811
1.00272e-20
0.00502474
0.0067765
2.09234e-06
0.0169665
0.00491899
0.0360522
0.0173786
0.000430134
0.00091984
1.41906e-10
9.39127e-10
0.000704988
1.10129e-06
2.4733e-06
2.43513e-15
0.0116017
0.0161643
0.00322919
0.000914985
0.001541
9.43579e-32
1.89054e-06
0.012538
0.000361902
0.0106752
0.0232635
1.53892e-06
0.000561522
0.0278599
0.00174531
0.00402776
0.00105017
0.00458765
0.0152155
0.00883394
2.24356e-09
0.010747
0.00705871
0.00151672
0.0235162
0.00320145
0.000373274
8.13871e-12
8.80668e-24
0.0234469
0.00512871
0.000746465
0.00233021
0.00266016
0.021667
2.21802e-05
1.13489e-05
0.0218513
1.02223e-05
0.000703936
0.000527105
0.000409479
0.0109882
0.000177795
0.000852511
0.00155448
0.00348769
1.48174e-46
0.00253493
0.00191436
0.00059848
0.00374977
0.00550295
0.0125448
0.019579
0.00648012
0.00586026
3.51232e-11
0.00365102
9.73105e-06
1.24107e-12
3.16559e-15
0.00850019
1.19957e-05
0.00269371
0.00424825
0.00566079
0.016388
2.09802e-41
0.00185759
0.00880694
8.81151e-05
0.0212061
0.00898484
0.000378523
7.22928e-14
0.00582827
0.000546859
1.53438e-13
0.00496772
0.000522236
5.88217e-11
0.00752912
0.000329833
4.07688e-15
0.00208656
0.00343382
1.16035e-32
0.0037131
0.000677406
0.0133616
8.27541e-06
9.31728e-10
0.000904745
5.96252e-10
3.89994e-08
0.00033796
0.0249242
5.2155e-05
4.08124e-05
0.00453182
0.00111097
0.00395599
1.51132e-24
0.0103159
4.05859e-05
9.43329e-05
0.00120957
0.00469486
0.0161635
0.00289983
0.000768926
1.09115e-20
2.23814e-07
0.000138994
0.000704511
0.00368269
0.0113566
0.00664293
0.00529026
1.84769e-95
0.0228037
5.8202e-16
0.00979359
6.41173e-05
0.00522668
1.31049e-05
0.0385684
0.0166313
0.00929151
0.00257513
0.000207034
0.0160607
0.0113208
1.39851e-15
0.00635646
4.14818e-10
0.00682584
1.38921e-06
8.8519e-16
2.68728e-14
0.00340933
9.77597e-10
0.00668827
1.23135e-06
0.0101657
4.34247e-06
0.0158277
0.00135788
0.00423873
0.010679
0.0208026
0.0290357
0.00111574
0.0163166
0.0117959
0.0145349
0.00320117
4.89782e-06
0.0143053
1.04976e-07
0.00981675
3.27439e-07
0.00024384
0.016846
1.39242e-06
0.0066473
0.00160247
3.28244e-05
0.000110934
0.000363844
0.0228736
0.00648364
0.0012513
5.38766e-05
0.00089842
4.13781e-05
0.00241478
0.00279167
0.00102571
0.0193072
0.000742128
0.000207856
0.000210057
5.2641e-07
7.61345e-05
0.000411329
0.000716809
0.00307181
0.000675093
0.00254629
8.07525e-05
0.00890424
0.0198164
0.000382582
0.0199225
0.0368128
0.00156659
0.0134226
1.83054e-06
0.00755187
0.00433096
1.05823e-06
0.000359439
0.0115838
0.00213641
0.0078633
0.00782276
0.0110781
2.49979e-05
0.00204846
1.15832e-07
5.12452e-07
0.00249393
0.00153464
4.86214e-06
2.54329e-17
0.000860444
9.69061e-05
2.07053e-36
3.37612e-08
1.38542e-06
0.0299555
0.000432955
0.0218196
0.00225534
0.000609461
8.35375e-05
0.00303088
0.00295513
0.00329636
0.00157272
0.0165685
0.000214625
0.0103884
8.14393e-05
0.00375483
0.000931417
0.00284508
0.0133653
0.00950427
0.00608566
1.74692e-05
0.024963
0.0023645
0.00108368
0.00107239
1.32665e-06
0.019468
4.77972e-06
5.60993e-05
0.00266418
6.261e-07
3.49698e-12
0.00604456
0.0176266
0.00297415
0.00216797
1.37515e-07
1.01236e-06
6.11612e-05
0.0131936
0.00206609
0.0133799
0.039956
3.23961e-05
0.00998896
0.0158571
0.00210919
0.00026766
1.69573e-06
0.0274677
0.0171924
1.11693e-05
0.0129092
3.04921e-07
0.0011943
0.00110751
0.0220243
2.62518e-05
0.00110626
4.61687e-09
2.0793e-05
0.00197617
0.0161623
0.00407036
0.00417905
0.00284168
0.0058783
0.000456802
5.22132e-05
0.00315964
0.00193889
0.0241197
0.00336464
1.56378e-15
4.45805e-09
0.00223659
0.0181382
0.0134725
0.025777
0.00171426
6.21618e-05
0.0028696
3.10729e-06
0.029562
0.0189774
0.0325481
5.86528e-05
0.0106064
0.0013257
0.00870675
0.00322421
4.55108e-05
5.17612e-05
0.0101915
0.00030267
0.0103398
0.0019578
6.72435e-07
0.0018621
0.00859762
1.88474e-05
0.00567096
3.7793e-14
7.08077e-07
4.49201e-06
0.00147992
2.57466e-25
0.00744336
0.0159729
0.00986135
0.032581
4.41953e-21
1.24438e-06
0.000226953
0.00125706
0.0194771
0.0167454
0.00477288
0.000880878
0.00337293
6.97727e-05
0.0128963
5.49565e-05
0.00254696
9.1455e-08
0.00717097
0.00122685
0.000165783
0.00525087
0.00656524
0.013616
0.000609486
0.000983246
0.000521332
0.00107154
7.71134e-06
0.000132591
0.000648756
0.0141667
0.00248711
0.000461916
0.00533515
0.0136347
0.000115949
0.000551502
0.0028023
0.00454329
3.90986e-08
0.00415086
6.19483e-06
0.0146367
5.96466e-13
0.000412992
3.18606e-10
0.000550556
2.70019e-06
0.00460134
2.40818e-12
9.86591e-08
8.55686e-20
0.00265302
2.74616e-15
7.51049e-09
2.49486e-06
0.0116988
0.000645947
0.0193055
0.0334258
0.00851595
9.10904e-05
0.00540918
4.15345e-05
0.00634306
0.000792283
0.00312802
0.00611792
1.98626e-05
0.00506005
0.020597
0.000954879
0.00214626
5.56749e-05
0.00685231
2.85089e-07
0.00934165
0.000971544
0.000231511
0.0104834
0.0083798
0.000337573
0.0209215
2.52564e-05
0.0131215
4.42037e-05
0.00891931
9.74349e-06
9.78802e-05
0.00593958
0.000641036
0.00525382
5.96221e-05
9.12209e-08
0.000366322
1.61857e-06
0.000134714
0.0051508
0.00426512
3.35584e-19
0.00155527
0.00394721
0.00215757
0.00550622
0.0132613
0.0226249
0.00679474
0.0237283
0.0012777
0.00214874
3.42741e-06
0.00768022
0.00654103
0.000999994
0.000353304
0.0017221
0.0102747
2.09116e-10
1.60071e-05
1.04157e-06
3.17104e-07
0.011399
0.00010465
0.00405608
0.00749325
0.0411287
0.00121108
0.000996957
3.78868e-09
0.00416176
0.00043491
0.00356635
0.000626701
0.0201044
8.11911e-08
4.29953e-05
0.00102322
0.000199752
0.0078265
0.0170586
4.67278e-05
0.00457409
0.00268067
0.0159712
2.53288e-11
1.6944e-05
0.00660883
0.0269949
0.00201302
0.000137524
0.0251562
5.15303e-08
0.00909448
0.00902913
0.000217692
0.00120884
5.06103e-05
4.17738e-09
2.75315e-18
0.0109683
0.00099728
1.36388e-06
0.00327999
0.00499423
0.00311965
0.000511364
5.08455e-07
0.0100507
0.0106784
0.00565544
0.0305401
0.00321609
4.02588e-05
0.000392864
0.00664081
3.82907e-08
0.00381888
7.19691e-12
0.00484298
0.0167451
0.000493983
5.71522e-07
0.0414072
0.031455
0.000704157
0.00133544
0.01641
0.0375158
0.00118082
3.19669e-05
6.85745e-10
0.0129023
0.00237324
6.07713e-05
0.00353248
0.0199687
1.49584e-05
0.0357933
0.000283753
0.00515297
1.13891e-05
0.00975411
0.00768688
0.0172608
9.39095e-11
1.02234e-05
5.86128e-05
0.00308864
0.0356046
6.69245e-07
5.48459e-05
0.00210589
0.0281756
0.0156769
0.00668635
0.000387072
0.0026483
6.7885e-05
0.0100804
8.75699e-06
0.00193938
1.0324e-11
0.0110594
0.00428577
3.88473e-05
0.000606416
0.00341758
3.43503e-10
9.43549e-06
0.0192533
0.0253196
0.0352426
0.00597192
0.000850833
2.68226e-10
0.00966759
6.06136e-05
7.23669e-14
0.00300647
0.00761857
0.0224591
0.0312682
0.0132769
3.32714e-05
0.0195398
0.000282049
0.00336516
0.000462206
0.0149682
4.58136e-07
0.00347295
0.0147499
9.69382e-09
0.0222291
0.0137576
7.95899e-06
0.000223313
2.1616e-09
2.60549e-05
2.58971e-15
5.00065e-45
0.0192329
6.87173e-05
2.37595e-23
0.00751629
0.00994379
0.0156721
0.00644608
2.62105e-06
0.00983541
0.00628346
3.88268e-05
0.0242068
0.00252862
0.00221901
3.55022e-10
0.0513469
0.00651619
1.40234e-12
0.0029462
0.000782446
0.00234188
0.00479682
5.76536e-06
0.000978775
1.82809e-51
5.34043e-05
0.000984071
0.00688891
0.0312977
1.38766e-08
0.00134145
0.012113
1.42899e-06
0.00500581
0.00308042
1.27589e-05
2.46657e-05
5.9982e-05
0.00807876
0.0265876
0.0165577
0.00141498
0.000175532
0.00220987
1.47913e-05
0.0116608
0.0148728
0.0108435
1.41647e-05
1.23672e-08
0.0171751
0.00896485
0.00164297
0.000979617
0.00527056
0.00170575
0.00208142
0.00301732
0.00166507
0.00761373
2.93624e-06
0.00197522
0.00536574
0.00192665
0.0156474
8.87403e-05
0.020051
0.00614827
0.00411429
0.00176234
0.00321617
0.00697519
0.00374326
0.0351648
0.00219287
1.78702e-05
7.5315e-09
0.00745589
0.000657548
0.000178436
0.0145126
0.00566654
0.00150575
0.00200445
0.00451886
0.00101231
0.00356558
4.09335e-06
0.00912862
5.97094e-06
7.05752e-06
5.0238e-08
1.72697e-10
1.66262e-11
2.2926e-07
0.000441444
0.000476553
4.75516e-05
4.21312e-07
5.78695e-09
0.00147728
1.38895e-07
0.00180162
2.41975e-80
0.00641887
0.00817133
0.00234648
0.0260254
1.00649e-05
0.00015714
0.00486159
0.00137241
0.0135553
0.0225659
2.87468e-14
0.0146667
6.74502e-05
4.95293e-09
0.00174928
0.000778739
4.92304e-10
0.00639371
0.00320394
0.00563928
0.0209412
0.00535506
0.000924211
0.00927046
6.04052e-05
0.0018188
0.00107928
0.0057797
2.55361e-05
0.0256046
1.65121e-05
0.000643198
0.00476586
0.00270277
0.00467468
0.00404981
0.00402895
0.00285652
0.0135467
0.00165938
0.0195647
0.0178162
0.00183589
0.000250248
0.00749796
2.33619e-05
3.45336e-08
0.00310775
5.11404e-05
0.00913168
0.0184196
0.0141795
5.3812e-06
0.0264502
0.00780087
6.68335e-06
0.0132372
1.13668e-05
0.0277106
3.52922e-07
0.00249488
0.00350926
0.0044553
5.73846e-11
0.0179044
0.00995329
0.00597959
5.01477e-08
0.00269419
8.38395e-06
0.00505121
2.55673e-18
0.00935089
0.0239045
0.0158444
0.00217839
2.88819e-09
0.0150445
8.61031e-05
0.00609002
0.000452137
0.000361629
0.0085395
0.00944694
0.000792917
0.000885799
0.00279002
1.09147e-06
0.00528939
0.00467857
0.0106954
2.35052e-10
7.93363e-05
0.000145603
0.00202345
0.00770486
0.0270151
0.0038568
0.0365565
0.00910299
8.98409e-06
0.000143193
0.00376992
0.0012784
1.43244e-06
0.00564881
0.00201537
0.0154849
0.0100105
3.00912e-09
0.00513072
0.00013686
4.29936e-13
0.00876391
0.00122643
0.00335072
0.0127099
8.54335e-08
0.00244994
0.000704941
0.0304089
0.011587
0.000133268
0.000661195
3.01977e-06
0.001639
0.0240805
0.0292674
1.51423e-05
0.00580566
7.61855e-05
0.000268796
4.15472e-17
0.000123827
0.00106575
0.0146221
0.0117311
0.000382395
0.00187744
0.021242
0.00647506
2.66761e-10
0.00883173
0.00507124
1.49294e-26
0.000878099
0.0119998
0.0122488
0.0253136
0.00065357
0.0167512
0.000277437
0.010327
0.000780622
0.000169837
0.00708592
0.0115739
0.0273685
0.00726694
0.00229817
0.00129862
0.00552969
0.0129169
2.71054e-05
0.0010716
0.00100688
1.95107e-05
0.00926812
0.00892793
0.00270474
1.14107e-07
1.16194e-15
0.00374726
0.000681895
0.00338946
1.85204e-06
2.04393e-05
6.79397e-05
0.0086044
0.000612633
0.0138428
0.0102822
0.010069
0.00184827
0.011876
0.00171005
0.000264868
0.0273445
0.00943965
0.00522519
0.00117885
0.00352452
4.55153e-08
0.000898031
0.000537223
9.00585e-13
0.0132689
0.0121264
1.72969e-13
4.01774e-08
5.73333e-16
0.00559038
0.00651064
4.24127e-05
0.00155602
0.00509979
0.00171208
0.000167888
0.0183312
3.39898e-13
0.0331896
0.00531398
0.000827041
1.28193e-05
0.00181392
0.000366562
2.84022e-06
0.000419805
3.48144e-06
0.00526162
0.000400472
0.00882253
0.00592927
4.23873e-06
1.11113e-06
0.00295193
0.0012938
0.00606598
0.00382008
0.000298688
0.00484963
0.0021357
9.6778e-06
8.35568e-35
3.23035e-05
0.00298472
0.0179912
0.0311336
0.000218912
0.00199508
0.0099864
1.10651e-05
0.00172006
3.8422e-06
0.00400682
0.00945799
0.0241479
0.00343093
0.0186834
0.0023622
4.25823e-05
0.00245816
5.45542e-05
0.00127572
0.00715938
0.00182015
2.93433e-19
0.0110963
0.00822531
0.00577843
0.0014534
0.00380853
0.0206384
0.00207316
5.2111e-18
0.0121186
0.000501633
0.000168162
0.000106109
0.00414965
3.30993e-05
0.00754582
0.00211457
0.0438554
0.0179279
0.00236485
1.56376e-06
0.0132088
0.00368716
0.000771107
0.00104392
0.00506507
1.91274e-11
5.21665e-05
0.000691443
1.9055e-06
0.00825891
2.59623e-05
0.000213086
6.3686e-08
0.00739684
0.00582274
0.014768
1.40678e-06
0.00593177
0.000645878
2.01636e-09
0.00157067
0.0157843
0.000620302
0.014421
0.0155034
0.00321912
1.62141e-12
0.015777
1.49133e-06
5.687e-97
1.27853e-05
0.00545277
2.69181e-57
0.0159797
0.00208413
0.000567171
4.77e-07
0.0056594
1.62317e-05
0.00127862
2.15936e-05
0.0201391
1.22017e-13
4.92916e-05
0.000613388
0.0157444
8.24002e-05
0.0017474
0.00522236
2.08602e-06
0.00437512
0.0481221
0.0118728
0.0189922
0.0113623
9.36655e-10
0.00107916
0.00415081
0.0330626
0.00112142
0.00127569
0.00835116
0.00130895
1.03305e-08
0.000513218
0.0264823
0.00519149
0.00231991
0.000988356
5.71413e-06
0.00714787
2.90977e-15
8.59924e-07
2.35117e-05
0.000504516
0.000812795
1.24116e-05
0.000611847
2.62142e-07
1.92346e-05
0.000416524
0.000674251
0.00167014
0.00158616
0.0202528
0.0200135
0.00310802
0.000253605
0.0114054
0.00192274
2.90516e-07
0.000131908
0.000341759
5.90954e-05
2.58292e-40
0.00722363
0.002832
0.00478463
0.000147246
0.0402739
6.9187e-05
0.00518058
4.33596e-31
2.21308e-05
0.0110342
0.00567741
9.67236e-08
3.92355e-55
0.000241256
0.0120649
0.00413523
4.39175e-05
3.12771e-05
0.00366412
0.0110622
0.00713878
0.00681782
0.0036613
0.00974132
0.00112392
0.00438658
0.000453508
0.00479521
1.87388e-06
0.00380036
0.00101933
0.00537846
0.0139713
9.03765e-05
1.69612e-12
0.000109164
0.00505601
0.0206523
2.15993e-12
0.00378448
0.00165154
0.000638194
0.00800235
1.47374e-05
0.00972668
2.48617e-07
0.00418994
0.00352731
0.00809045
7.0179e-05
6.43243e-05
0.00126773
0.00292408
0.00281031
0.00352239
0.000285044
0.00018787
0.00623759
0.00805629
0.00139623
0.00512964
0.0019947
0.0115273
0.000666861
8.7352e-05
1.87299e-06
0.00282494
0.00669658
0.00418893
0.00942003
0.00592092
0.0256614
0.0138264
0.00930448
9.07813e-09
3.52196e-05
0.000212497
0.00309756
5.03175e-07
0.00211753
0.00790805
0.000353003
1.59704e-08
0.00704848
0.000175237
0.00336386
1.77695e-05
0.00197363
0.00822495
0.00390861
6.50819e-05
0.0212226
0.0112404
0.018867
0.0017499
0.00593061
0.00679877
0.00737537
0.00106839
0.0110293
0.0204902
5.26843e-06
0.00753094
4.27858e-06
5.21427e-18
0.00555986
0.00401723
0.0626037
0.00124642
0.0353483
0.000586771
0.00076221
0.0017915
9.94497e-05
2.41348e-05
0.000137617
0.00826389
1.06175e-09
1.64729e-05
3.74705e-11
1.20029e-06
0.0193325
0.00627523
2.49055e-05
0.00825677
0.000140992
0.00771645
1.96359e-16
3.74447e-05
0.028003
0.000953334
0.0126149
0.0134947
0.0027283
0.00139454
2.38962e-07
4.00645e-20
4.65188e-05
2.62107e-15
0.00130914
1.03579e-06
0.00596673
1.66235e-62
1.01818e-06
0.00489122
0.026445
0.00305296
7.76269e-07
0.0082504
2.61384e-10
5.16332e-06
1.54626e-22
0.00258485
0.00536848
2.96156e-05
0.00185179
0.000184647
0.00818126
0.0351934
0.000726445
0.00119542
0.00664349
1.04713e-06
0.0035171
6.56942e-07
0.0041201
0.00140827
0.00251785
2.06272e-10
0.000265029
0.00232933
0.00377525
0.000856776
0.0346827
0.00154607
0.00397736
0.00262468
0.00274629
0.000185641
0.012581
3.24908e-10
6.25195e-05
6.4294e-06
0.000388437
0.00678247
0.000503774
0.00379291
0.0385451
4.51076e-06
0.0020943
0.00783047
1.62105e-05
3.53453e-36
1.79092e-05
6.23896e-11
0.00759229
0.0207638
1.2573e-05
0.0122515
4.97379e-09
5.46116e-06
4.85408e-08
0.0011664
0.000117618
0.0405245
0.0255241
6.08778e-05
0.00253773
0.0222312
0.0199229
1.86423e-05
0.0193254
7.93119e-17
6.04312e-05
5.73032e-11
0.0147553
0.00346818
0.00358087
3.69986e-05
8.9637e-05
3.45728e-08
0.0107363
0.0093808
0.00286941
0.00036094
0.000571559
1.49568e-37
0.0274264
4.0328e-09
0.0007791
0.00265893
7.11672e-11
1.24419e-05
0.00362713
0.000178429
0.0843806
0.00159817
0.000268674
3.39743e-05
3.32998e-05
0.000170002
0.000250388
0.0203257
0.0197219
0.00219515
0.000306032
0.000382059
0.0155963
0.018127
0.029104
8.05338e-06
2.63892e-06
4.78457e-05
1.04005e-07
4.55852e-08
0.000432663
0.000844666
2.13938e-06
0.00919699
0.00181348
0.0477326
1.51402e-05
0.00721388
5.9111e-09
4.79998e-06
0.00175897
0.0200659
2.14287e-53
0.0141197
0.0159935
0.00744094
3.56206e-06
0.000205162
0.0161057
6.34773e-52
0.000934563
0.0129492
0.0142398
5.69649e-05
0.0188184
5.50091e-05
0.00728286
0.0149857
0.00662629
0.00156276
0.00328565
0.000951321
0.00437946
2.60046e-07
0.000467875
0.000385368
0.00108245
0.00378015
0.00214073
0.0115867
0.0047675
0.000834617
0.00340879
0.00929389
2.39115e-06
0.00385583
7.93854e-06
0.003894
0.000755965
0.00360524
0.0031349
1.88416e-10
0.00522205
0.0455639
0.00211005
0.0168624
0.010181
0.00264588
0.00646681
6.06064e-05
0.000130922
0.00645843
5.13306e-08
0.0106038
0.000546333
0.000502671
0.00381647
0.0144239
0.0112807
3.13285e-23
0.00511315
6.3841e-06
0.00787287
1.2702e-19
0.0048098
1.12748e-05
0.0114315
1.78218e-05
1.24896e-05
0.000584663
0.000876662
0.00474755
4.33428e-12
1.80031e-06
0.0487809
0.000121784
0.00292216
0.00207235
1.65621e-66
0.000964004
0.00792315
0.000185317
0.00496629
0.0149491
0.0120091
0.000777129
0.00568903
3.51657e-07
0.00243449
0.00766115
0.00166098
0.0041516
0.00132485
0.0080456
0.000251164
0.00260183
0.0292207
0.0591043
5.90104e-09
0.0136622
0.00137634
7.56349e-05
9.58874e-06
3.70034e-06
0.0126237
3.87913e-07
1.58155e-06
0.00163771
2.45696e-05
0.00516169
0.000273179
0.00111193
0.00215464
0.00913815
0.00794696
0.00022322
0.00435905
0.00990298
6.9401e-11
0.000828644
2.46624e-06
0.00619734
0.00162771
0.0123134
0.0131508
1.73833e-06
0.00160349
3.15524e-05
0.00323728
5.26714e-47
2.76327e-07
0.00065723
0.0115112
0.00209591
0.0231769
0.00320521
0.000236187
0.00265812
0.0327472
3.32857e-06
0.00173572
2.19691e-08
6.72552e-48
0.0191027
0.000531027
0.00369263
0.010457
0.00637487
0.0174316
0.00151084
2.31977e-31
0.000779511
0.000745285
0.00197183
0.00546071
0.000878897
0.00845467
0.000288517
0.0496227
0.01324
0.0014844
0.000760705
0.000249043
6.1271e-09
3.67225e-05
1.9398e-07
9.1491e-07
1.53159e-06
0.00350992
0.0285598
0.00728671
0.0110811
0.010302
1.40383e-05
0.00939095
1.46546e-07
5.27502e-05
0.00289637
0.0331141
5.08925e-05
0.0112634
0.00646486
0.00369145
0.00315898
0.00359085
6.34381e-06
3.33396e-07
0.0051968
8.27907e-05
0.0385525
3.90756e-06
0.004407
8.22432e-05
0.00501841
0.0308951
0.00188855
0.00444868
3.88817e-06
0.00032437
0.0145322
0.0282016
0.0173405
0.0214698
0.000367882
1.20531e-21
0.00429957
0.000149749
0.0173668
1.8613e-08
0.000178496
0.00796532
0.0630978
2.97344e-17
0.0122082
0.000555586
0.00531658
0.000486621
3.0009e-05
3.22292e-08
0.00016805
0.0248953
0.0151017
0.000136339
0.00316508
4.95537e-07
0.00548955
0.000416106
9.86806e-19
2.1979e-07
2.05929e-05
0.0146162
0.000300075
8.52622e-07
1.90751e-09
0.00613999
0.000309027
3.31742e-10
5.37053e-05
8.81224e-05
1.94697e-06
0.00084439
0.00243302
0.0145222
1.05634e-06
0.00560974
0.000135557
4.66758e-11
0.00966436
0.000492775
0.000973542
0.00105873
0.00842378
0.0183769
7.06139e-08
0.0106815
0.000298718
0.000183677
0.00789005
0.000412384
3.4769e-06
0.000130371
0.0021514
7.93282e-08
0.00330727
0.00153474
0.0253928
0.0345646
1.20808e-07
0.00637371
0.00151499
0.00494801
6.72382e-18
2.8694e-05
0.0151463
0.00660578
0.0333138
0.00183396
6.94657e-10
1.79061e-05
0.000497183
0.0097717
0.0051314
0.0221476
5.40688e-06
0.00232713
9.9312e-09
0.000422634
2.72975e-05
9.85797e-07
1.57339e-05
0.015825
0.000179359
2.17137e-11
0.00761689
0.00276115
0.00018003
0.00287961
0.000109204
2.08959e-06
0.000564431
0.00721398
0.00402576
0.0208816
0.00146934
0.0087629
0.00548967
0.00147704
4.21487e-05
0.000526432
5.36453e-09
0.0503912
0.000473451
4.4561e-06
0.000716406
0.00286554
0.000963643
0.000325455
0.00884257
0.000369381
0.0144372
6.94259e-10
0.00101162
0.00193579
5.08941e-16
2.13365e-45
4.91217e-05
0.00405372
0.0029045
0.010693
1.0378e-09
0.0118597
0.000106953
0.00359423
0.000875893
0.00317109
0.00192724
1.30736e-12
0.000382545
0.0052769
0.0104236
0.00453676
0.0080536
0.0121347
0.00194006
0.00392356
0.000239821
0.00663989
0.00107047
0.00440579
0.00113767
1.91831e-08
0.00886978
0.00277384
7.66327e-05
0.000263406
0.00103155
0.0325769
1.14799e-11
2.88268e-06
0.00383765
0.00458016
0.00188759
0.0419804
5.10957e-05
0.000268573
4.75236e-06
0.000559564
0.00251852
0.022478
2.68595e-06
1.19332e-08
0.00283449
0.00373648
0.014915
0.0015318
0.00584665
0.000383867
0.00068481
6.71555e-05
2.0325e-17
0.00207363
8.93372e-07
0.0151135
0.00550434
0.000189118
0.00269189
0.0117511
0.00752323
0.000604024
0.00218314
0.00119394
0.00281531
0.00239806
0.009121
7.71898e-05
0.0209069
0.00236436
0.00639818
1.05944e-11
0.0788105
0.0054054
0.00102687
0.00538433
5.51206e-08
1.91417e-06
1.59495e-05
1.37111e-05
0.00251985
0.00179188
0.0562871
0.0152104
0.00383793
0.0126465
6.62564e-05
0.000260653
0.00150267
0.0498129
0.013022
0.00416552
5.07772e-07
0.00304811
4.08801e-05
0.002789
1.53232e-08
0.0195554
0.000678077
0.00958764
2.87177e-05
4.67274e-09
3.63146e-15
0.0162902
2.58502e-05
0.00272376
2.57662e-06
0.019829
0.000357298
0.0143118
0.00401887
0.0013139
1.91164e-05
7.63109e-05
3.49746e-07
1.38875e-05
4.58717e-08
2.26775e-06
0.00244456
2.66808e-06
0.00343073
0.0564449
0.00337442
4.52626e-06
0.00478202
0.00116516
5.04459e-05
0.0139136
0.00868078
0.00881417
5.93651e-15
6.44962e-17
0.00859024
0.0179538
1.49677e-09
0.00122903
0.0167216
0.000122596
2.18032e-15
0.000386938
0.000153705
0.00613546
0.00152643
0.000109599
5.91857e-08
0.00328927
1.36301e-05
0.00256271
0.00911978
0.00832392
0.00114045
1.01496e-06
0.00149959
2.29841e-06
0.000489775
0.00397543
0.0159752
0.0104238
8.86193e-06
0.000364748
1.53052e-25
1.00919e-05
0.00323326
0.000264914
0.00728352
0.00906197
0.00418955
0.0130772
0.000812169
0.00578583
0.00879799
3.40266e-07
5.61678e-06
0.00178564
0.00864382
0.00125473
2.4595e-05
0.0085033
0.0199107
2.55344e-05
0.00783222
0.0639639
0.012911
0.00539912
6.93935e-05
0.0014553
0.00327963
0.0012377
0.0017976
1.49257e-05
0.00530341
1.17266e-26
0.00759283
0.011829
0.00715558
0.00822523
2.29928e-06
0.00739307
0.0109728
0.000160239
0.0136889
0.00774576
0.000332941
0.000508391
1.2125e-35
2.61928e-05
0.000187219
0.000101919
0.00500551
4.05125e-06
0.0124494
3.07149e-05
8.07194e-15
0.000308936
3.30275e-05
4.92388e-06
9.77853e-09
0.0240284
0.01289
3.6775e-29
1.5363e-73
3.43796e-05
0.00757653
0.0109468
0.000304983
0.00251354
4.33237e-05
0.0128348
3.06268e-10
0.00363208
0.0181369
5.8314e-07
0.0161626
0.0101604
0.0183626
0.0036154
0.0391659
0.0120322
0.0299858
6.77041e-06
3.32859e-05
0.000108433
0.000986088
0.0625184
8.62035e-09
0.000218201
2.13999e-08
4.91592e-06
1.17711e-06
0.0301147
0.00101719
0.000275495
0.00288837
0.000529013
3.9646e-08
2.39737e-20
0.000289577
0.00967755
0.00063124
0.00724653
0.00032885
2.7787e-06
0.00326299
0.00380248
0.000767408
3.90682e-05
1.53181e-08
0.00865468
0.00985369
0.00125263
0.0179421
0.00683376
2.18781e-27
1.69056e-05
8.75653e-05
0.00958804
0.0134529
0.00462986
1.45744e-05
0.0121125
0.000312706
0.0110176
0.0191545
0.00936339
0.0175811
0.00141236
0.0097993
3.03398e-05
0.00555662
0.00917534
0.000151483
0.00554664
2.8202e-78
0.00286308
3.59196e-77
0.00285964
0.0110357
0.00957092
4.35212e-05
4.43308e-06
4.09445e-09
0.000113086
0.000987264
2.41178e-51
6.62147e-06
8.97581e-06
0.00246052
0.0019068
0.000845598
1.60351e-05
0.0145927
0.000742736
2.22046e-05
2.66751e-05
0.000119934
0.00833719
0.0170322
5.66513e-06
0.000566434
0.0290549
0.0100229
0.00214035
0.00241762
0.000647105
0.005424
7.07489e-09
0.00547914
0.0018686
1.38273e-05
3.69561e-10
8.20762e-06
2.67631e-10
1.31981e-06
0.00438236
0.00502061
3.08734e-05
0.017433
0.00108334
0.0113144
0.00290909
3.51995e-08
0.00359517
0.0072592
0.0063593
4.77494e-11
0.0249457
0.00348948
2.28708e-10
0.0287501
0.0113166
4.54261e-12
0.00330188
5.53252e-08
0.00424246
8.20699e-12
0.00376643
0.0206051
0.00821322
0.0334213
2.90607e-12
0.0041655
0.0174385
0.000463371
0.000510242
0.00101864
4.00121e-06
0.0157028
0.00728023
0.0134119
4.81476e-07
4.80571e-05
0.000139067
0.00229647
0.0235752
0.00806776
0.0139851
0.00630657
0.00917486
0.0207066
1.19026e-06
0.002008
0.00422135
0.00169023
0.00166534
0.009447
1.3698e-23
0.00375238
1.37801e-05
0.00829072
0.0261029
0.00707988
0.000198625
0.000315868
1.85347e-23
0.0168385
0.000522668
8.90083e-05
0.00648053
0.005858
0.0167987
0.000111355
0.0114413
0.0132403
1.82416e-05
0.0117329
0.011399
1.9862e-09
2.99769e-05
1.44745e-06
0.00159436
0.00085419
0.00111273
0.00406856
0.00944258
0.000878036
0.000238808
1.60235e-05
0.0218144
0.00194507
4.3389e-05
0.00640607
2.08948e-07
0.0150266
0.000218018
0.00289906
7.17549e-07
0.00692811
9.54119e-06
1.33286e-13
0.000394793
0.000134005
0.00532443
0.0166234
0.00201407
0.0207599
6.97952e-05
0.000957264
0.0101687
0.0033022
0.00291871
1.15845e-09
0.0174231
0.000209517
0.00530669
0.015808
0.0279203
0.00814341
0.00197683
6.02929e-08
0.00180965
0.0136391
0.00772956
0.0107386
4.87474e-21
8.46636e-06
3.68821e-17
0.0190821
0.0159132
6.87372e-07
0.000573228
0.000512027
0.00293911
0.012741
0.012104
0.0186802
0.000957899
2.00358e-06
5.19722e-17
0.0161623
4.8907e-06
4.2656e-06
4.72347e-05
0.000126843
0.0031255
0.0242349
0.00153556
0.00402476
0.00650061
0.00113227
0.0160247
0.00983821
0.0317563
0.0166133
0.0322294
0.00265264
6.47784e-08
0.00485582
0.00331713
0.0136821
0.0231806
1.50689e-07
0.000542616
0.00638659
0.000695127
0.0162671
0.00413041
5.20905e-07
0.000707681
0.0163592
2.0948e-16
0.00412622
2.82491e-08
0.0282934
0.000288774
0.00105066
0.0113761
0.00462459
0.000724744
0.00128128
1.24541e-08
0.00458324
0.00174026
0.00832055
0.00794441
8.49215e-06
0.0131492
0.00183087
0.0365234
0.00124124
0.016131
0.012309
0.037091
0.0114335
2.62363e-05
0.000553359
0.00907732
0.00398317
0.00273958
1.32055e-07
0.00753416
0.0021063
0.00615473
0.00681389
7.1848e-05
0.0579605
2.59426e-07
0.00154873
0.0145134
0.00679963
1.25501e-07
6.49684e-06
1.47521e-05
0.00215124
0.00208438
0.00242624
0.000497884
0.0102449
0.0065739
0.00249591
0.00372782
0.00446275
1.8916e-13
0.000383671
0.0058007
0.000905295
0.000361402
0.0176904
1.15075e-06
0.0211847
0.0325017
0.000119178
0.0150829
0.000555195
0.00671906
9.17113e-08
0.00316943
0.00780984
0.0233798
0.00202567
7.60145e-05
0.00400243
0.00162546
0.00245618
0.00198949
0.00897754
5.69707e-05
0.000771554
0.00297741
5.24236e-07
0.00157487
7.68737e-10
0.000721228
0.00566334
0.0112044
0.0013449
1.78706e-22
0.00262303
1.20811e-06
0.00588928
3.33912e-08
0.000521272
0.000704989
0.00910321
2.3348e-09
0.0130925
0.003048
0.00944933
0.000154887
0.00155872
0.043525
0.0243461
0.0200137
0.00133315
3.13363e-05
0.00207649
0.00930475
0.00405431
0.0106789
0.00865668
0.00895649
0.00130715
0.0337469
0.000449891
2.22756e-06
0.00365641
1.78457e-07
3.8266e-16
0.00194333
0.000168921
0.000157702
0.00187993
0.0023713
4.10947e-23
0.0125161
0.0449243
4.68546e-05
2.94508e-09
7.12421e-05
0.0226084
0.0462234
0.0170259
0.0206095
0.0181164
0.0126303
0.00209075
0.00666234
0.000494351
0.00810763
0.000257663
0.0138216
0.000266863
0.000129436
0.0216112
9.66307e-13
0.00684166
0.00130196
0.000627118
0.000809352
7.868e-05
0.000959849
0.0161888
6.90059e-05
0.000775489
0.0161635
0.0028208
0.000822848
0.0126645
0.00924391
0.00398071
9.91804e-06
4.85473e-08
0.0126869
1.59631e-12
0.0287125
3.9547e-06
2.92134e-09
0.00194651
2.79542e-06
0.0369648
0.00206022
5.52085e-05
0.00334677
0.00427803
7.43436e-09
0.000361728
0.00515006
0.0180803
0.00563254
0.00195243
0.00406419
0.000992245
0.0028034
4.87132e-07
0.000143096
0.0131786
0.00018621
0.00381943
0.00103199
0.00065208
8.54286e-23
1.99499e-14
1.07562e-05
2.58286e-08
0.0125103
5.24308e-05
3.01394e-10
0.000243052
0.000977618
0.0069342
0.00513439
1.50067e-05
4.39846e-05
0.00585011
0.00150506
9.04487e-06
4.37352e-05
0.0134885
2.21195e-23
7.48878e-08
0.0088838
0.000839926
0.00014139
0.0267804
0.00126634
7.67771e-07
0.0205118
0.00499455
0.0295854
9.16591e-05
4.87543e-06
1.73436e-07
0.0194303
0.000363747
0.00553704
8.7171e-47
1.02686e-19
6.50666e-43
0.00768645
0.00166857
9.27413e-05
0.000470566
0.0396976
0.0016896
0.0661117
0.00179007
0.00358902
2.00651e-05
0.00073571
0.00621672
6.53505e-06
0.000282397
6.88582e-07
8.32472e-05
5.04864e-27
0.0114538
0.0128996
0.000421804
0.000877672
1.78388e-05
0.000481322
8.35979e-08
0.00459826
0.000720381
0.00961726
4.69813e-06
0.0047449
0.00166593
9.04153e-07
0.0394085
0.0059381
4.65535e-06
0.000716828
0.000343596
0.000130679
0.00264053
0.00265768
3.44722e-05
4.42989e-06
0.0308571
0.00222469
0.00100275
3.30743e-14
2.9718e-07
0.0102544
0.0160106
1.4145e-05
0.0125375
0.0314266
7.04519e-06
0.0345938
0.0198127
0.000165532
4.86478e-32
0.00181383
0.000564416
0.00167969
0.00519796
0.00258973
5.49784e-05
0.027083
0.00108847
0.00106284
0.000641072
6.06707e-05
0.00301793
2.05651e-06
4.41327e-07
0.0126704
0.0276304
3.87812e-05
0.00148413
0.00476943
0.0161662
2.14561e-05
7.22147e-11
0.0512616
0.00173852
0.00347835
0.0226666
0.00324806
0.0207135
0.00185206
0.00078824
6.19375e-09
0.0119936
0.000873169
1.90432e-05
0.00675991
0.00596049
0.0134945
2.07201e-13
0.00119908
4.62024e-11
0.0494143
0.00128786
8.19865e-05
0.000147661
5.63374e-39
0.000555457
0.0137417
0.0203805
0.0131115
0.000133161
2.87864e-38
6.84677e-21
0.0323585
0.000191245
0.00539421
0.000469815
0.00191134
2.78476e-07
3.59322e-05
0.00723362
7.13259e-36
0.000416852
0.00676613
0.00699948
0.00494961
5.14612e-07
2.64978e-05
0.00201017
2.48396e-07
3.09009e-06
0.000110975
0.027273
0.00178661
2.97873e-37
0.00420174
0.000447687
4.24296e-06
9.84949e-13
0.000423975
0.000795911
0.00403514
1.0478e-07
6.55953e-07
5.63298e-06
9.03816e-19
1.16815e-20
0.00776181
6.50144e-20
0.0058388
0.000346134
0.00208052
0.0142579
3.89697e-07
0.00178342
0.00179332
0.0010018
0.0254233
0.0104983
0.000230912
8.87555e-10
0.0255348
0.00250215
1.61047e-06
0.0152629
0.0158642
0.00946038
0.000133304
0.000601869
9.59618e-06
0.00330187
0.00497671
1.26618e-05
3.83427e-07
8.25914e-12
0.00728524
0.0103577
0.000992764
0.00403325
0.0107587
0.00773882
0.000876277
0.000219766
0.0122362
0.00647974
0.0105445
0.0110058
0.0270252
0.000701149
0.00769234
5.84362e-05
0.00162425
0.0221224
0.0208362
0.0140565
0.000268645
0.00378792
0.00172837
0.0237399
0.0117358
6.2938e-10
0.00368739
0.000223643
0.000748709
0.00129579
0.000183153
0.00443621
0.00474581
1.81821e-06
0.014463
0.0033293
7.15604e-07
0.00332503
7.63718e-09
0.0145026
0.000516207
0.00889518
0.000878824
0.00341009
4.31245e-14
0.0158488
1.27397e-05
4.65209e-07
0.00491225
6.61642e-08
0.0309697
0.00397038
0.033339
0.0018834
0.00659339
2.58438e-07
1.57649e-12
0.000519549
0.00360727
0.0104073
0.00239007
0.000103594
0.000137691
0.00415116
0.0238475
0.00245008
0.00014864
8.02871e-06
0.00101884
0.00297557
0.00107773
0.00969589
0.0131984
0.000723775
0.0135334
5.76201e-05
0.000826141
0.00136089
0.0180606
1.24636e-06
0.00224372
0.0013438
0.00717634
7.58089e-07
0.000905197
0.00112326
1.36646e-08
0.000517621
0.00279418
1.96989e-05
0.00245546
0.000379565
0.0176572
0.00958398
1.3689e-19
0.0040819
0.00236004
0.00382004
0.0040295
0.00322134
0.00272365
5.65064e-14
0.0313549
0.00345265
3.05446e-07
0.00497105
4.42404e-05
9.3755e-05
3.5998e-81
0.0386101
0.0131051
3.83118e-32
4.51685e-05
0.000155556
0.0176306
0.00543997
0.00755221
0.000147884
0.00908452
0.00149875
2.83783e-08
1.10384e-05
8.62206e-06
1.40903e-07
0.00621237
0.031673
0.00890537
1.82154e-06
0.0136038
0.029418
0.000570731
2.25335e-06
0.000427079
0.00117374
0.00852842
0.00226916
0.0130457
8.67011e-08
1.99444e-09
0.000700352
0.0172011
0.00134659
0.0147828
0.0052785
0.000917232
0.00887602
0.000236625
0.00476675
0.000114756
0.00599603
0.0203515
1.87258e-05
0.00373634
0.0190203
0.016113
1.47035e-23
0.00160122
3.50681e-06
0.00203497
2.67416e-07
0.0105903
0.00520792
0.0145842
0.00608768
0.00170411
9.50029e-05
0.00263701
3.1271e-12
3.30546e-05
5.29207e-07
0.0433594
5.7732e-05
0.00108628
0.0040446
0.00268999
0.00317888
7.751e-05
0.000878192
0.0028574
0.00224483
3.23568e-06
0.00022799
0.00247994
5.89716e-05
0.00886139
0.00223593
0.00438825
5.76813e-05
0.000427324
0.00537848
1.1815e-10
0.00659187
0.000519162
0.00104452
0.000101729
0.0025969
0.0206847
0.000443651
0.00233545
5.08913e-05
0.0218762
0.00585109
0.00465093
3.90833e-17
0.000300012
0.00296164
0.0141695
6.45398e-18
0.0011538
0.0164725
0.00299051
0.000112308
0.00250463
0.0159974
0.00299255
0.00130449
0.00109089
0.00011713
0.000741609
0.0018615
0.0164731
0.00649672
5.94917e-06
0.000820219
0.00266043
3.54879e-06
0.0147574
0.000131468
0.0205341
0.0234986
0.00651099
0.000662951
0.0155259
0.0211854
7.46455e-05
1.48015e-05
0.000283771
0.000618385
0.0205227
0.0107455
2.48486e-15
0.014265
0.000790339
0.00501425
0.000317228
0.00885526
0.0176132
0.00239068
0.00342956
0.0184361
0.00105426
0.000556328
1.28323e-07
0.000278199
4.79559e-07
7.20049e-11
0.00278703
0.00520833
0.0193309
0.0238152
2.65404e-08
0.009917
0.0103632
0.00199897
4.40117e-05
0.00917815
0.000680667
7.20978e-29
0.00288619
0.00158337
0.0898706
0.000442235
0.0020905
0.0176795
0.000124186
0.0143684
0.00824094
3.54049e-24
0.0238335
4.77151e-05
0.0337622
9.28285e-06
1.06693e-05
8.49834e-09
1.2148e-18
0.00512764
0.000355793
0.011256
0.00320078
0.00789002
0.0159359
3.04483e-05
0.0396139
0.00559461
0.0320834
0.02485
0.000945557
0.000149182
0.000487991
0.0199065
0.0270833
0.0159566
4.06724e-05
0.0152874
0.00867361
0.00407185
0.000795678
7.72988e-43
0.0140134
7.0918e-07
0.0371659
0.00342527
2.59142e-06
0.0143428
0.000741634
4.90091e-05
3.9576e-13
4.94485e-09
7.97751e-05
2.87682e-05
0.0227735
8.16434e-06
0.00225614
0.000669442
0.0170633
0.0413643
0.000127998
0.00873127
0.00109564
0.00554531
0.006042
0.00799348
0.00107221
0.000279453
0.000240491
0.0482202
1.99004e-15
0.000264327
0.0116238
0.0230363
0.0238134
3.4037e-06
0.000242696
5.76127e-07
2.52531e-06
0.012556
0.00223768
0.00146323
0.000223952
0.00416049
0.00289362
7.95027e-10
0.000417691
1.29111e-05
0.00319312
4.49922e-06
9.72644e-13
3.77551e-06
0.00435306
0.00268732
0.0142504
0.00174239
0.00117952
0.0131696
2.47148e-05
0.000605656
0.000128628
0.00199963
5.63193e-43
2.92573e-53
0.00553473
0.0002236
0.0115516
0.00112209
1.24953e-05
0.0194655
0.000565558
0.000159127
0.00682535
1.72672e-07
0.000610854
3.82372e-06
0.0412956
0.00239398
0.0056151
0.000180111
4.08526e-07
0.0245892
2.58156e-05
0.000547091
0.0291853
0.00545178
0.00529073
1.52143e-06
0.00614702
1.41257e-20
0.00475086
0.00819669
0.002831
0.00363692
1.2054e-05
0.0071963
0.00151408
0.0347637
0.00325614
0.0180446
0.000207854
6.0343e-13
0.00041315
0.00116059
0.000943159
0.00488769
0.00092522
0.00147649
0.00208461
0.000891612
0.0356615
0.000766231
0.00264287
0.00119738
1.9328e-05
1.72137e-30
3.01669e-12
0.00403147
5.5931e-05
0.00314106
0.00233524
8.31742e-17
0.0272592
0.0102869
0.000290121
0.00731331
0.00381936
0.00443356
0.00628026
0.00142463
0.00498373
5.54547e-16
2.55025e-05
0.0514666
1.21563e-18
0.00683246
0.0153374
0.000603592
0.00997125
6.86614e-06
0.00687619
0.0257543
0.0264659
0.00320528
0.00399171
9.99022e-06
0.00309032
0.00546458
0.00325449
0.00781623
0.000362133
7.11931e-49
0.00330601
4.32184e-07
0.0175842
5.83618e-15
0.00496455
2.9208e-05
0.00135371
2.06976e-11
0.000132814
0.00713512
0.00191972
3.31084e-05
0.000176127
0.000356945
0.000771947
0.000550542
4.40579e-06
6.02306e-17
0.00102821
5.75819e-05
0.0161379
0.00167063
2.33596e-10
1.87465e-06
0.00284695
0.000349436
0.00847408
5.98178e-05
0.00251607
0.00157187
0.00428478
0.00579096
0.00433188
2.86103e-05
0.0131955
0.00225089
0.00218426
6.63665e-05
6.72317e-07
0.0264633
6.79761e-06
9.35223e-08
0.00332348
0.00981204
0.00729388
0.000128624
0.00564318
0.00109785
0.0165512
0.000556409
0.0120938
1.81546e-07
0.0212104
0.00850972
8.20923e-05
0.00113269
0.00987638
0.018349
0.0023417
0.0134044
0.000358323
0.00401751
0.00150714
0.00114174
2.11917e-05
5.85987e-06
0.0189871
0.00196862
0.0102734
1.91885e-14
0.00852976
0.000491136
0.00625614
0.0104971
0.0040018
0.00252788
0.0242049
0.025002
3.71385e-13
0.00303267
5.95091e-06
0.0071557
0.011546
0.0328631
4.79299e-08
0.0282165
3.6089e-06
6.44926e-05
8.21614e-32
3.03769e-07
6.95256e-09
0.000683953
0.00476446
7.74557e-09
0.0239113
0.000536521
3.93865e-16
0.00619478
3.98103e-05
0.0147698
3.30067e-06
0.00213308
0.011574
1.07788e-07
3.31274e-05
0.00154547
0.0190634
0.00966886
0.00253864
0.000766309
2.78576e-09
0.0135019
2.68755e-07
2.79471e-24
0.00961552
0.0122106
0.026756
0.0507675
0.000786929
0.00268505
0.000755031
0.00207178
0.0037756
7.79502e-11
0.0206618
0.00127461
2.40044e-10
0.000406251
9.11061e-06
0.0159965
1.58015e-05
5.08881e-07
2.72239e-05
0.00619513
0.00715546
0.00614058
0.00947202
0.00207551
0.00326511
0.0001665
0.000544293
1.9075e-23
0.01663
0.00270713
0.00230094
0.00316604
8.33113e-06
0.00898891
0.00166572
0.00845768
0.019404
0.0228495
0.00227033
0.00967462
0.00597736
5.07764e-05
0.00935807
0.000644062
0.0202452
0.0134317
0.0109595
0.00016804
0.00465759
6.27844e-08
0.00450012
0.00401045
0.015852
0.0215247
0.0139481
2.40809e-05
0.00876787
5.10535e-53
2.8088e-12
0.0167102
0.00871258
0.00848499
6.77605e-07
0.000513297
1.30643e-08
0.00266446
0.00629609
0.00459545
0.00941944
0.00203218
0.00199477
0.00644177
0.0112941
0.00160904
0.00237985
0.00663184
0.000681894
9.94556e-05
0.0194225
0.00931593
3.5726e-06
8.52737e-09
0.00493326
0.0174372
1.4532e-17
0.00163515
0.000307915
0.00158832
3.36127e-07
0.00455839
0.000550967
2.00429e-57
0.00826307
0.0238016
5.62092e-06
8.20963e-10
0.0605076
0.00101765
0.0100497
0.00591684
4.56999e-06
0.00463402
0.00873331
1.91134e-07
0.0253869
4.35082e-06
0.00872817
7.59357e-06
3.69924e-05
3.6044e-14
0.0122391
0.0111528
0.000198941
3.14356e-07
0.000136491
0.00914147
0.00370976
0.0299919
0.000834318
3.11165e-06
5.70353e-25
0.00815177
0.00405541
0.000184302
5.2984e-05
0.00987914
8.99337e-05
0.00839135
0.0150064
1.00866e-11
0.00673656
2.46683e-08
0.00947041
0.00652766
0.00213913
1.13574e-06
2.11431e-05
0.00555454
0.00358695
0.000240479
0.0248337
0.000173341
0.000737213
9.82699e-05
0.000465524
0.00230374
0.0065998
0.00156039
0.00447622
0.000352901
0.00276443
1.95253e-06
9.38295e-05
6.57143e-11
0.0136768
0.0257185
0.0230025
0.00568134
0.000837994
0.0290455
6.51718e-07
0.00113906
0.0414682
0.000387801
0.00121686
3.62311e-05
7.63464e-17
2.3964e-09
0.00104699
0.000264439
2.27425e-05
2.23086e-05
0.00422253
0.00704491
0.000293671
0.00496527
0.0105199
6.59943e-23
0.00514555
0.0139277
0.000678546
0.0728474
0.0393244
7.60696e-05
0.000173166
1.70745e-09
0.00106643
3.60352e-05
0.0110809
0.00430629
1.6248e-05
0.00846164
0.00156527
3.64456e-05
4.54897e-11
0.00279567
3.29548e-35
0.00281776
0.00317849
1.36387e-17
0.00608493
0.00128321
0.00923457
0.0166692
0.0073805
0.00271244
5.69822e-09
0.0211788
0.0134823
0.0150528
0.00202945
0.00316091
2.85497e-60
0.00410605
1.95677e-06
0.00171997
0.000429334
1.55452e-09
0.008184
9.54469e-05
0.00308693
2.95019e-05
0.000338884
0.00026645
5.29782e-06
0.00126381
0.000660484
0.00573711
0.0094995
1.00195e-18
3.70632e-08
0.00102668
2.43227e-08
5.60824e-05
3.32333e-09
7.51794e-57
0.0183619
5.6458e-18
3.17523e-05
0.000227384
1.9552e-19
0.0001134
0.000146595
1.65474e-13
0.000747526
2.65671e-05
4.34098e-05
1.53836e-06
0.00559035
0.0105771
0.000150711
2.66218e-09
0.0028981
9.80985e-05
0.00722026
2.91021e-16
0.00314389
0.0142816
0.0255361
0.0505071
0.00207536
4.91176e-06
1.28504e-06
0.000620841
0.0110398
2.23993e-30
0.000558793
1.64299e-05
2.91529e-05
0.0212767
0.000121661
2.433e-34
0.0222858
0.000367581
0.0173509
0.00224908
0.00527256
1.37933e-16
0.00224027
0.0182919
4.55381e-07
1.70322e-05
2.47153e-06
2.3801e-10
0.00039231
7.79102e-06
0.00304893
0.0153574
0.00397178
0.021435
0.00390417
0.00517078
1.86792e-05
0.043285
0.0136753
4.21368e-07
4.27009e-05
2.82792e-06
0.00225368
0.000717203
0.00230996
5.85513e-09
1.24042e-05
5.7597e-05
5.24506e-17
0.000128385
0.0144881
0.0030257
3.98187e-07
0.00128214
0.0119788
0.0179531
0.00651224
0.000683611
4.64708e-06
0.00089892
0.00209938
0.0010351
0.000844771
0.00716875
0.000832204
0.00493491
0.000126665
0.00401394
0.00351724
0.00132747
0.0119389
0.00559115
0.00133668
6.39946e-06
0.0110129
0.00154256
0.00863745
4.08963e-16
1.95324e-10
7.19953e-07
0.00219438
0.00544992
0.00480811
7.14477e-05
0.00753733
1.3663e-10
0.00685671
0.00320477
0.0102616
0.00579009
0.000281331
2.37334e-17
0.0283901
8.05901e-08
1.18354e-06
0.00935329
0.00285504
7.77714e-05
0.000165841
0.0024595
1.7528e-06
0.0411836
0.00791989
0.000261032
0.00299809
1.09369e-05
0.00927801
0.00490809
3.8867e-05
0.00125586
0.000994226
0.00712943
7.15366e-21
4.14981e-05
4.02121e-32
0.034973
0.00253592
9.17047e-20
0.008233
1.19707e-07
0.0101487
0.00767691
1.45701e-08
0.00204796
0.0181034
1.73535e-36
0.00136516
2.89412e-08
3.45705e-43
9.16286e-05
0.00010385
0.0168997
0.0022682
0.000217782
0.00657923
0.00474692
0.000360713
0.0122173
0.00188637
0.000803968
0.0110962
0.00644185
2.28836e-08
5.74155e-08
0.0126945
4.26807e-05
0.00448967
0.00927696
0.00929336
0.00782327
0.000682983
3.55949e-07
0.0128498
0.00326819
0.00295887
0.0032954
1.86507e-05
0.0103775
0.000214206
0.00185616
8.13232e-05
0.00464331
0.0148989
0.00432023
0.0150684
0.00013553
0.00735056
0.00213727
6.30603e-71
3.36328e-05
0.00480704
0.000337495
0.000778573
0.0184911
0.00894222
4.74413e-06
0.0260048
1.79205e-18
0.000120488
0.0164008
6.2459e-07
9.28281e-20
7.35511e-11
0.000245948
1.64972e-07
5.8823e-05
0.000180109
0.00223386
2.65808e-32
1.02363e-06
0.00660072
1.06391e-05
0.0144471
9.67549e-05
0.00490035
0.00308952
0.000250469
0.00853406
0.0010699
0.00504632
0.0154815
0.014745
0.0241088
0.00572175
0.000414708
0.0273679
0.00228664
0.000571901
2.30646e-09
0.00524889
1.36997e-08
7.0952e-18
7.97956e-07
0.0140699
7.67179e-11
0.00437689
1.85273e-08
0.000410364
0.00206848
0.00458541
0.0103556
4.9845e-06
0.0111234
0.00312537
8.58556e-05
0.00513651
0.0051121
6.15746e-05
0.00602944
0.000138479
0.00351694
1.11544e-05
4.69438e-19
5.56861e-07
0.00652198
0.00159562
0.00741551
0.000137362
0.000115008
0.00135615
0.00935538
0.00239624
2.35233e-14
1.31778e-11
0.000174874
0.000127085
1.49012e-06
0.00178951
0.0873684
3.92955e-07
4.4553e-05
4.69319e-07
0.00153253
0.00249493
0.0629904
0.00015029
0.0196022
2.93043e-07
0.0307747
0.00830752
1.53212e-05
7.37502e-08
0.000138679
0.00401296
0.00317113
0.000265339
0.00502618
0.00773168
5.97116e-05
1.91659e-06
0.000191202
0.00852639
0.003418
0.00567401
0.000653841
3.00786e-05
0.00602726
0.000723761
2.2964e-08
0.000593982
0.000640311
2.65418e-05
8.25586e-05
0.0295267
0.00410501
0.0124208
0.0023571
0.0159048
0.00227941
0.00650973
0.00104907
0.00364974
0.00101802
0.0121337
0.000769586
0.0228922
0.0197163
0.000726507
0.000198035
0.000267839
0.000429027
4.1822e-06
7.55344e-05
2.61434e-09
0.000367047
1.73122e-05
0.0157869
0.00164411
1.17065e-05
0.00951328
0.00018162
0.00137566
2.21434e-07
0.0122228
0.0116135
0.000315018
6.13517e-08
0.00703412
0.0217483
1.28619e-05
0.00169517
0.0131764
0.00246109
0.00199491
5.08681e-05
0.0005213
9.09016e-05
0.0246109
0.000393665
0.00489231
0.0118577
0.00973736
0.0131333
2.99468e-11
0.0170562
0.00116771
1.68555e-06
0.00135612
1.35839e-07
0.0117898
6.23403e-05
9.9956e-05
0.000806793
1.71028e-06
0.000267377
0.0194677
0.00831276
2.18708e-18
0.00184466
1.61695e-18
6.68144e-17
0.00240351
0.0388343
3.7612e-16
0.00917238
5.93563e-09
0.00413153
2.3577e-05
0.00966769
5.89777e-05
0.0477163
4.00862e-07
0.00243107
0.0182901
0.0112915
0.00326518
0.0010851
0.0061251
8.06631e-05
0.000686196
0.0138903
0.0113523
0.00266312
0.023082
0.00918024
0.0103704
0.00188353
0.00437773
0.00123635
4.15966e-05
0.00380595
0.000457867
0.00898287
0.0148849
8.86933e-12
0.00230176
6.58947e-05
1.2185e-06
0.00765906
0.00467967
0.0253448
0.0175012
0.0207332
0.0111616
0.00123917
0.00274903
0.000189515
1.58806e-18
0.0298489
0.0083015
0.00111588
0.000101872
0.00462562
2.10657e-06
0.0196161
8.34945e-16
0.0165556
4.77525e-05
4.15932e-07
0.00737535
0.00320695
1.36173e-05
0.00158376
5.7378e-05
0.00180098
0.00416609
0.000362406
0.000264878
0.00124135
1.23062e-05
0.00326683
0.00756286
0.0141388
7.52381e-07
0.000197385
0.00379524
0.0575025
0.0100036
0.00440926
1.35064e-06
0.00771469
0.0155981
1.56839e-50
0.000804728
0.00203835
0.000624456
1.28388e-06
0.0105125
0.00011486
5.10109e-06
8.25142e-05
0.00276425
0.0025013
0.00225494
0.00331368
4.88923e-05
1.16751e-05
0.0244091
0.0147729
2.97186e-07
1.28872e-10
0.00350785
0.00608705
0.000243849
0.0283613
0.00307328
0.00134469
3.58125e-06
0.000368372
7.4094e-05
0.0178527
0.0137944
0.0113899
0.00148708
0.0156356
0.00106597
0.00470155
3.26972e-12
2.44415e-09
2.29011e-10
0.0061165
5.90319e-15
0.00568345
3.83082e-05
0.0130603
0.00131357
0.000181185
0.00132943
0.0218032
0.0084287
0.0234114
8.96224e-05
1.77214e-06
1.6216e-08
1.17735e-10
3.20976e-05
0.00339875
0.0010453
9.30859e-05
0.0236416
0.00138881
0.00999196
0.00101331
0.00784363
1.79766e-30
0.0122206
4.78747e-11
3.85948e-06
0.00215604
0.0212379
0.0288966
0.00125735
0.000152439
3.3775e-05
0.0124315
0.0162571
5.03541e-05
0.000700313
0.013649
4.25701e-06
0.0102398
2.65355e-07
2.38912e-08
0.00385491
3.1821e-05
0.0341637
0.0376039
0.0184545
2.31574e-06
0.0042996
0.000415275
0.0115988
0.00203306
0.040068
0.0328144
0.00763599
2.06406e-26
3.80935e-05
0.00049541
0.00200989
2.2268e-05
6.29937e-09
9.25355e-11
9.49394e-18
0.000924025
0.0119984
0.00145814
0.00110052
1.26169e-33
0.00104589
0.000117645
0.0095947
0.000710548
0.000462761
2.61163e-12
0.000335165
1.85882e-05
6.29227e-05
3.83082e-06
1.95711e-05
8.93737e-08
0.00918441
0.00310667
1.62402e-08
0.00743857
0.000196349
0.00437752
6.27357e-30
0.0055826
0.00703432
0.00241534
0.0177526
0.0051742
2.75402e-08
0.00253459
0.00535155
0.000246889
0.000578536
1.32862e-15
1.79772e-05
0.0101279
5.70978e-05
0.00236578
1.14669e-06
0.00959399
2.78781e-05
0.00157895
0.000396507
0.029007
1.17701e-05
1.33343e-07
0.000226497
0.0323807
0.000170597
0.000507465
0.00497149
4.2634e-54
0.0116676
0.00114641
0.00492809
2.88055e-37
9.77599e-06
5.56232e-05
0.000421932
2.31468e-05
4.23992e-05
0.00184484
0.0105809
0.00888814
2.53188e-09
0.00326492
0.00244223
0.000785911
0.000314768
0.00655008
0.000109873
0.000443099
0.000277431
1.27393e-12
4.65192e-05
8.47589e-05
0.00959947
0.00537823
0.011965
0.00965687
0.00705343
0.0030439
0.00607722
1.24264e-14
6.17738e-08
0.00062482
0.000832881
2.85128e-12
0.0154797
0.000423411
28.245
11.0609
